505,0,0,0,3,0,0,0
0,0,0,0,0,0,0,0
0,0,0,0,0,0,0,0
0,0,0,0,0,0,0,0
0,0,0,0,0,0,0,0
0,0,0,0,0,0,0,0
0,0,0,0,0,0,0,0
0,0,0,0,0,0,0,0
0,0,0,0,0,0,0,0
0,0,0,0,0,0,0,0
0,0,0,0,0,0,0,0
0,0,0,0,0,0,0,0
0,0,0,0,0,0,0,0
0,0,0,0,0,0,0,0
0,0,0,0,0,0,0,0
0,0,0,0,0,0,0,0
0,0,0,0,0,0,0,0
0,0,0,0,0,0,0,0
0,0,0,0,0,0,0,0
0,0,0,0,0,0,0,0
0,0,0,0,0,0,0,0
0,0,0,0,0,0,0,0
0,0,0,0,0,0,0,0
0,0,0,0,0,0,0,0
0,0,0,0,0,0,0,0
0,0,0,0,0,0,0,0
0,0,0,0,0,0,0,0
0,0,0,0,0,0,0,0
0,0,0,0,0,0,0,0
0,0,0,0,0,0,0,0
0,0,0,0,0,0,0,0
0,0,0,0,0,0,0,0
0,0,0,0,0,0,0,0
0,0,0,0,0,0,0,0
0,0,0,0,0,0,0,0
0,0,0,0,0,0,0,0
0,0,0,0,0,0,0,0
0,0,0,0,0,0,0,0
1,0,0,0,0,0,0,0
5,0,2,0,0,0,0,0
12,2,6,2,0,0,0,0
10,1,14,0,0,0,0,0
29,1,34,5,0,0,0,0
56,5,66,10,0,0,0,0
150,23,190,44,0,0,3,0
255,78,241,83,0,0,6,0
287,131,121,136,0,0,1,0
199,55,30,80,0,0,2,0
46,3,21,18,0,0,4,0
33,11,21,7,0,0,1,0
24,2,17,13,1,0,2,0
28,3,13,16,0,0,0,6
22,4,14,7,8,0,0,3
33,5,13,11,6,0,0,9
25,6,16,8,3,0,0,11
33,4,15,12,2,0,1,4
19,11,17,14,3,0,1,12
61,46,34,28,4,0,0,20
90,52,18,38,5,2,0,34
78,28,13,42,9,6,0,34
13,4,19,7,15,8,3,17
3,16,5,2,4,1,4,3
4,2,3,3,1,1,0,2
2,4,2,0,2,0,1,4
7,3,7,5,1,0,1,9
9,3,9,5,0,5,1,5
13,0,11,1,1,16,3,8
29,2,21,9,0,27,28,28
58,2,45,16,2,59,20,39
68,4,86,28,6,102,52,55
153,5,203,58,14,220,111,83
336,33,351,182,20,394,242,150
129,19,230,42,14,239,175,128
95,23,140,38,7,115,99,74
45,17,70,23,10,69,54,56
43,7,26,25,7,51,23,34
24,6,26,13,5,31,10,16
10,1,14,5,8,18,1,5
3,1,3,1,4,5,4,1
1,2,2,2,3,9,0,0
2,1,0,2,0,2,0,0
0,1,0,1,2,1,0,0
0,6,0,0,1,3,0,0
0,6,0,0,4,0,0,0
0,4,0,0,2,0,0,0
0,41,0,0,7,0,0,0
0,9,0,0,7,0,0,0
0,7,0,0,3,0,0,0
0,4,0,0,2,0,0,0
0,2,0,0,1,0,0,1
0,2,0,0,0,7,2,1
6,3,0,6,0,2,3,0
9,2,0,9,2,4,0,2
3,0,1,2,2,1,0,2
4,1,0,1,1,4,0,0
1,4,0,1,3,4,0,3
2,8,1,8,8,0,0,5
7,17,6,6,6,10,1,5
66,73,87,33,29,63,25,55
31,43,67,22,16,28,50,33
8,17,34,4,5,20,10,19
22,8,29,7,2,12,11,15
19,8,31,17,3,36,22,13
30,12,32,5,9,28,31,26
56,16,37,19,5,36,31,24
67,11,63,21,6,54,55,34
58,7,62,23,19,44,62,35
81,11,98,30,12,83,77,46
131,19,105,57,13,160,59,49
102,19,129,49,10,142,83,30
30,21,59,14,7,117,56,8
30,15,51,19,13,57,36,20
30,12,34,20,18,71,28,7
21,14,39,12,7,71,24,12
27,12,37,12,10,55,27,0
30,18,19,18,6,39,12,0
32,14,37,17,12,29,8,0
15,11,15,13,4,11,6,0
21,10,12,8,3,7,1,0
20,12,12,10,7,10,0,0
9,2,6,5,4,5,4,0
7,6,3,4,4,1,0,0
11,9,8,7,3,1,0,0
7,7,4,4,3,3,0,0
8,8,2,1,4,1,0,0
8,3,5,2,5,0,2,0
9,3,5,2,3,0,0,0
31,22,5,36,21,1,0,0
25,21,4,27,12,4,0,0
17,19,9,9,6,4,1,0
10,12,9,13,6,3,0,0
18,19,8,10,6,2,0,0
32,29,9,19,17,0,0,0
5,18,3,7,7,1,0,0
7,13,1,8,1,1,0,0
3,9,0,6,3,0,0,0
4,3,1,5,4,0,0,0
0,8,2,3,4,0,0,0
3,0,0,5,0,0,0,0
1,0,0,1,0,0,0,0
1,0,0,0,0,0,0,0
0,0,0,0,0,0,0,0
0,0,0,0,0,0,0,0
0,0,0,0,0,0,0,0
0,0,0,0,0,0,0,0
0,0,0,0,0,0,0,0
0,0,0,0,0,0,0,0
0,0,0,0,0,0,0,0
0,0,0,0,0,0,0,0
0,0,0,0,0,0,0,0
0,0,0,0,0,0,0,0
0,0,0,0,0,0,0,0
0,0,0,0,0,0,0,0
0,0,0,0,0,0,0,0
0,0,0,0,0,0,0,0
0,0,0,0,0,0,0,0
0,0,0,0,0,0,0,0
0,0,0,0,0,0,0,0
0,0,0,0,0,0,0,0
0,0,0,0,0,0,0,0
0,0,0,0,0,0,0,0
0,0,0,0,0,0,0,0
0,0,0,0,0,0,0,0
0,0,0,0,0,0,0,0
0,0,0,0,0,0,0,0
0,0,0,0,0,0,0,0
0,0,0,0,0,0,0,0
0,0,0,0,0,0,0,0
0,0,0,0,0,0,0,0
0,0,0,0,0,0,0,0
0,0,0,0,0,0,0,0
0,0,0,0,0,0,0,0
0,0,0,0,0,0,0,0
0,0,0,0,0,0,0,0
0,0,0,0,0,0,0,0
0,0,0,0,0,0,0,0
0,0,0,0,0,0,0,0
0,0,0,0,0,0,0,0
0,0,0,0,0,0,0,0
0,0,0,0,0,0,0,0
0,0,0,0,0,0,0,0
0,0,0,0,0,0,0,0
0,0,0,0,0,0,0,0
8,0,1,0,0,0,0,0
13,0,10,0,0,0,0,0
22,1,12,2,2,0,0,0
27,3,38,8,0,0,0,0
55,3,104,15,0,0,4,0
179,60,187,84,10,0,5,0
405,125,281,183,6,0,3,0
332,114,129,160,7,0,1,0
202,59,45,65,8,0,0,0
41,7,30,13,0,0,0,0
41,10,16,17,0,0,0,0
29,3,22,7,0,0,0,0
25,5,17,9,1,0,2,1
20,16,18,1,1,0,0,3
25,4,18,8,1,0,0,1
24,4,8,8,3,0,0,2
10,1,12,8,0,0,0,4
15,14,22,6,1,0,0,4
50,45,31,39,4,0,0,12
90,56,8,41,1,0,4,14
55,21,8,24,10,3,2,15
11,1,6,3,3,2,0,3
11,1,2,10,3,3,0,5
11,0,2,7,4,10,0,5
8,0,2,2,1,1,2,0
3,4,2,4,0,0,1,3
12,1,4,4,1,9,5,10
33,2,15,11,1,25,6,10
23,1,20,2,4,17,3,12
47,10,27,27,2,45,22,18
77,12,53,40,1,109,38,35
199,21,185,96,3,247,111,62
290,56,420,151,19,432,267,102
116,16,266,37,7,177,209,83
76,16,125,26,8,88,108,40
45,9,76,17,7,64,56,40
23,12,35,8,4,66,27,25
23,13,14,9,3,29,15,6
15,1,7,5,1,18,7,7
1,6,10,2,2,13,5,0
0,1,4,1,1,4,8,0
1,3,1,0,2,0,7,0
1,1,0,1,0,3,1,0
2,4,0,0,1,0,0,0
2,7,0,0,2,3,0,0
0,12,0,2,5,0,0,0
3,27,0,3,11,1,0,0
9,11,1,5,5,0,0,0
2,2,0,2,1,0,0,0
0,0,0,3,0,0,0,0
0,1,0,0,3,0,0,0
0,0,0,0,1,0,0,1
0,4,0,1,1,0,0,0
0,3,0,0,0,0,0,0
0,3,0,1,1,2,0,1
0,0,0,0,0,0,0,0
3,9,0,1,5,0,0,2
2,16,0,0,6,0,1,4
36,41,19,12,9,25,7,9
83,51,67,31,31,70,41,36
37,26,77,18,15,22,49,25
24,19,43,5,4,14,22,9
22,9,33,4,5,16,22,9
30,18,34,11,4,16,25,15
25,4,43,6,2,33,26,14
40,14,28,24,3,65,30,16
48,8,50,24,3,58,50,16
73,13,80,25,13,84,49,23
77,10,52,33,8,112,42,33
164,20,130,90,14,239,70,32
74,15,107,41,13,131,83,21
30,11,40,21,7,54,54,13
28,10,35,14,1,40,31,6
13,11,30,12,7,54,16,2
19,3,43,19,1,38,34,0
21,9,34,11,7,37,23,0
18,16,29,10,11,15,7,0
11,8,6,8,3,10,6,0
18,4,7,2,5,7,3,0
10,3,4,6,2,6,0,0
6,3,9,2,1,2,0,0
7,7,7,3,4,2,0,0
13,2,6,12,2,3,2,0
7,4,1,7,5,1,2,0
10,2,9,8,1,0,1,0
8,6,4,2,1,2,1,0
8,3,4,4,4,1,0,0
12,18,6,4,3,1,1,0
20,26,12,25,14,0,0,0
38,13,8,25,15,2,2,0
9,11,8,8,9,0,0,0
13,8,6,12,4,1,0,0
19,14,5,13,11,3,0,0
41,27,4,26,14,2,0,0
16,10,2,14,7,1,0,0
14,6,2,13,6,0,0,0
1,4,0,4,5,2,0,0
1,4,0,7,3,1,0,0
1,3,0,3,0,0,0,0
0,3,0,2,2,0,0,0
0,0,0,1,0,0,0,0
0,0,4,0,0,0,0,0
0,0,0,0,0,0,0,0
0,0,1,0,0,0,0,0
0,0,0,0,0,0,0,0
267,0,0,0,0,0,0,0
0,0,0,0,0,0,0,0
0,0,0,0,0,0,0,0
0,0,0,0,0,0,0,0
0,0,0,0,0,0,0,0
0,0,0,0,0,0,0,0
0,0,0,0,0,0,0,0
0,0,0,0,0,0,0,0
0,0,0,0,0,0,0,0
0,0,0,0,0,0,0,0
0,0,0,0,0,0,0,0
0,0,0,0,0,0,0,0
0,0,0,0,0,0,0,0
0,0,0,0,0,0,0,0
0,0,0,0,0,0,0,0
0,0,0,0,0,0,0,0
0,0,0,0,0,0,0,0
0,0,0,0,0,0,0,0
0,0,0,0,0,0,0,0
0,0,0,0,0,0,0,0
0,0,0,0,0,0,0,0
0,0,0,0,0,0,0,0
0,0,0,0,0,0,0,0
0,0,0,0,0,0,0,0
0,0,0,0,0,0,0,0
0,0,0,0,0,0,0,0
0,0,0,0,0,0,0,0
0,0,0,0,0,0,0,0
0,0,0,0,0,0,0,0
0,0,0,0,0,0,0,0
0,0,0,0,0,0,0,0
0,0,0,0,0,0,0,0
0,0,0,0,0,0,0,0
0,0,0,0,0,0,0,0
0,0,0,0,0,0,0,0
0,0,0,0,0,0,0,0
0,0,0,0,0,0,0,0
0,0,0,0,0,0,0,0
0,0,0,0,0,0,0,0
7,0,1,0,0,0,0,0
10,1,6,1,0,0,0,0
15,1,9,2,0,0,0,0
29,2,30,1,0,0,1,0
70,5,109,29,0,0,4,0
158,30,239,64,0,0,7,0
258,118,351,106,3,0,3,0
291,159,140,168,12,0,4,0
259,50,36,127,3,0,0,0
53,3,31,24,0,0,0,0
29,7,20,15,4,0,0,0
29,1,17,20,1,0,1,0
32,0,20,15,1,0,3,1
21,9,15,12,1,0,2,0
31,6,14,13,0,0,0,2
30,2,19,18,0,1,0,4
33,5,13,8,0,0,0,4
40,5,13,9,2,0,0,4
65,27,18,39,3,1,0,7
125,46,15,56,4,0,1,13
53,18,13,21,6,2,2,16
3,5,8,11,3,3,0,6
4,7,3,6,2,4,1,2
1,2,4,3,1,0,0,2
3,3,2,4,0,1,1,0
7,2,3,4,1,0,0,2
3,0,2,3,1,7,0,0
24,2,10,2,0,20,3,9
20,1,15,9,1,25,8,7
34,1,16,14,4,31,29,12
94,1,60,27,5,109,35,43
192,5,164,86,9,258,118,64
330,31,400,190,17,394,252,92
154,21,298,78,16,207,238,83
74,17,132,38,4,116,133,37
54,16,65,20,11,65,67,29
48,5,31,14,6,56,26,26
17,10,28,15,9,38,7,8
9,10,10,7,6,25,6,8
7,1,3,4,1,15,3,0
6,3,8,2,6,7,0,0
1,2,3,1,3,6,0,0
1,1,0,0,3,3,0,0
1,4,0,3,1,1,0,0
0,1,0,0,2,0,0,0
1,12,0,0,2,0,0,0
0,20,0,0,2,0,0,0
0,9,0,0,12,0,0,0
0,6,0,0,2,0,0,0
1,4,0,0,3,0,0,0
0,6,0,0,2,0,0,0
5,1,0,5,2,64,0,0
8,3,1,6,4,2,0,1
2,1,1,6,4,0,0,1
4,2,1,0,1,0,32,2
4,3,3,0,5,6,0,1
2,4,0,1,0,5,0,3
7,8,2,2,3,0,1,7
9,11,10,4,7,12,1,3
73,54,60,34,23,92,38,35
28,23,54,18,5,21,25,17
20,12,24,11,6,15,15,18
8,6,23,4,4,21,6,9
20,10,14,9,1,17,12,3
31,9,45,16,1,24,11,7
53,4,53,15,4,41,28,13
61,8,50,11,5,67,62,11
62,11,91,31,5,79,44,12
91,6,79,36,10,107,42,9
147,17,88,78,16,195,78,18
86,21,99,46,18,127,100,9
27,15,51,24,9,84,36,3
32,14,54,16,6,67,37,3
21,7,54,7,7,48,14,2
24,11,40,7,5,53,27,2
23,20,44,7,2,49,22,0
31,18,32,11,9,40,5,0
27,16,11,11,1,29,4,0
17,7,11,5,3,16,3,0
17,7,5,11,5,7,2,0
10,2,2,5,1,3,1,0
14,3,2,3,3,1,0,0
13,6,6,3,4,3,0,0
14,5,3,1,1,3,0,0
13,3,1,8,2,1,0,0
6,2,4,2,4,0,0,0
11,2,4,10,0,2,0,0
12,11,5,14,7,1,0,0
41,13,8,29,11,8,0,0
52,21,12,38,32,10,0,0
16,12,2,10,6,6,0,0
18,19,4,21,5,4,1,0
22,22,3,21,11,3,0,0
46,23,9,40,8,2,0,0
14,17,2,17,3,0,0,0
9,6,0,9,1,1,0,0
7,4,0,8,3,2,0,0
1,6,0,6,2,0,0,0
0,2,0,2,3,0,0,0
0,0,0,4,3,0,0,0
0,1,0,0,0,0,0,0
0,0,0,0,0,0,0,0
0,0,0,0,0,0,0,0
0,0,0,0,0,0,0,0
0,0,0,0,0,0,0,0
0,0,0,0,0,0,0,0
0,0,0,0,0,0,0,0
0,0,0,0,0,0,0,0
0,0,0,0,0,0,0,0
0,0,0,0,0,0,0,0
0,0,0,0,0,0,0,0
0,0,0,0,0,0,0,0
0,0,0,0,0,0,0,0
0,0,0,0,0,0,0,0
0,0,0,0,0,0,0,0
0,0,0,0,0,0,0,0
0,0,0,0,0,0,0,0
0,0,0,0,0,0,0,0
0,0,0,0,0,0,0,0
0,0,0,0,0,0,0,0
0,0,0,0,0,0,0,0
0,0,0,0,0,0,0,0
0,0,0,0,0,0,0,0
0,0,0,0,0,0,0,0
0,0,0,0,0,0,0,0
0,0,0,0,0,0,0,0
0,0,0,0,0,0,0,0
0,0,0,0,0,0,0,0
0,0,0,0,0,0,0,0
0,0,0,0,0,0,0,0
0,0,0,0,0,0,0,0
0,0,0,0,0,0,0,0
0,0,0,0,0,0,0,0
0,0,0,0,0,0,0,0
0,0,0,0,0,0,0,0
0,0,0,0,0,0,0,0
0,0,0,0,0,0,0,0
0,0,0,0,0,0,0,0
0,0,0,0,0,0,0,0
0,0,0,0,0,0,0,0
0,0,0,0,0,0,0,0
0,0,0,0,0,0,0,0
0,0,0,0,0,0,0,0
3,0,0,0,0,0,0,0
4,0,7,0,0,0,0,0
13,0,10,0,0,0,0,0
10,0,9,1,0,0,0,0
26,0,26,7,0,0,1,0
45,12,101,10,0,0,1,0
218,65,217,83,2,0,2,0
407,108,297,164,3,0,6,0
311,132,145,125,7,0,5,0
227,24,28,94,7,0,0,0
40,7,41,12,2,0,0,0
28,6,18,14,0,0,0,0
42,2,20,12,0,0,0,1
29,4,13,10,2,0,1,2
15,6,9,10,0,0,0,2
29,2,16,9,0,0,0,2
17,0,18,8,0,0,0,2
20,2,16,7,2,0,1,3
12,13,17,5,0,0,1,5
67,41,23,14,5,0,0,10
118,53,11,47,6,0,0,16
64,36,11,48,13,8,2,30
7,10,8,12,2,4,3,7
8,2,7,8,1,1,0,5
3,0,1,3,2,0,1,1
1,3,2,2,0,2,6,2
1,1,13,0,0,0,5,2
6,2,6,2,0,4,4,3
19,3,12,13,1,12,11,13
26,2,12,13,2,24,20,8
45,3,37,22,3,46,25,17
91,3,46,35,4,116,43,41
195,10,123,106,5,195,82,47
286,40,379,166,11,447,231,97
99,21,228,50,11,203,158,74
93,22,108,39,6,130,103,57
51,11,58,29,9,90,66,28
28,21,34,14,5,58,36,40
13,9,23,8,5,45,21,12
4,9,14,5,10,18,11,7
3,11,16,3,3,14,9,0
1,8,3,2,4,6,1,0
0,2,4,0,0,13,0,0
0,4,2,1,0,2,0,0
2,8,2,0,3,1,0,0
1,4,2,1,1,1,0,0
1,6,0,1,5,2,0,0
0,9,0,0,1,0,0,0
3,8,0,3,8,1,0,0
0,5,0,2,3,0,0,0
2,11,0,1,5,2,0,0
1,4,0,1,3,3,0,0
0,6,0,2,6,1,0,4
3,7,0,0,3,2,0,2
0,5,0,1,2,0,0,0
0,5,0,1,0,4,0,1
1,8,1,2,3,2,0,2
0,13,2,2,5,5,0,5
6,25,10,4,10,11,2,11
8,8,8,3,3,10,2,6
8,4,5,4,7,9,3,6
12,4,7,8,9,8,7,8
11,12,6,5,11,18,6,5
14,10,11,8,5,14,27,8
19,9,30,12,6,39,23,12
23,15,67,10,4,49,37,16
61,14,50,17,12,78,42,18
68,16,64,29,6,91,74,30
100,22,79,38,8,102,84,31
74,18,97,28,5,87,69,30
61,21,70,23,6,123,50,21
34,16,34,20,9,74,26,6
26,24,51,17,22,108,53,4
26,20,39,13,7,61,41,8
29,11,37,13,4,50,25,4
23,16,43,3,10,64,30,2
27,23,60,7,4,61,31,0
26,28,28,7,12,35,9,0
13,11,16,4,6,23,6,0
18,12,10,6,2,15,3,0
14,9,3,4,3,15,4,0
10,8,7,0,0,5,4,0
16,9,6,0,3,11,0,0
24,5,8,0,1,2,1,0
10,4,6,1,4,3,1,0
13,4,3,0,4,0,0,0
4,6,0,1,2,1,0,0
13,11,2,0,3,1,0,0
12,7,4,3,3,0,0,0
19,22,5,0,6,3,0,0
28,21,6,0,5,0,0,0
21,14,5,2,13,1,0,0
21,14,7,0,11,1,0,0
25,26,8,2,9,1,0,0
28,33,14,0,11,3,0,0
11,12,7,1,11,0,0,0
10,7,1,1,4,1,0,0
6,3,1,0,4,0,0,0
4,10,0,0,1,2,0,0
1,8,0,0,4,0,0,0
0,2,0,0,0,0,0,0
0,0,0,0,0,0,0,0
0,0,0,0,0,0,0,0
0,0,0,0,0,0,0,0
0,0,0,0,0,0,0,0
0,0,0,0,0,0,0,0
475,0,0,0,0,0,130,0
0,0,0,0,0,0,0,0
0,0,0,0,0,0,0,0
0,0,0,0,0,0,0,0
0,0,0,0,0,0,0,0
0,0,0,0,0,0,0,0
0,0,0,0,0,0,0,0
0,0,0,0,0,0,0,0
0,0,0,0,0,0,0,0
0,0,0,0,0,0,0,0
0,0,0,0,0,0,0,0
0,0,0,0,0,0,0,0
0,0,0,0,0,0,0,0
0,0,0,0,0,0,0,0
0,0,0,0,0,0,0,0
0,0,0,0,0,0,0,0
0,0,0,0,0,0,0,0
0,0,0,0,0,0,0,0
0,0,0,0,0,0,0,0
0,0,0,0,0,0,0,0
0,0,0,0,0,0,0,0
0,0,0,0,0,0,0,0
0,0,0,0,0,0,0,0
0,0,0,0,0,0,0,0
0,0,0,0,0,0,0,0
0,0,0,0,0,0,0,0
0,0,0,0,0,0,0,0
0,0,0,0,0,0,0,0
0,0,0,0,0,0,0,0
0,0,0,0,0,0,0,0
0,0,0,0,0,0,0,0
0,0,0,0,0,0,0,0
0,0,0,0,0,0,0,0
0,0,0,0,0,0,0,0
0,0,0,0,0,0,0,0
0,0,0,0,0,0,0,0
0,0,0,1,0,0,0,0
0,0,0,0,0,0,0,0
0,0,0,0,0,0,0,0
3,1,3,0,0,0,0,0
15,1,4,0,0,0,0,0
14,1,8,0,1,0,0,0
24,1,32,0,1,0,1,0
46,4,83,3,1,0,4,0
139,21,191,6,1,0,3,0
278,92,256,24,7,0,0,0
285,113,121,24,4,0,1,0
214,37,30,22,8,0,0,0
51,6,40,6,2,0,1,0
53,7,21,4,0,0,1,0
44,1,21,5,3,0,0,0
39,5,13,4,1,0,3,3
32,10,21,1,2,0,0,3
44,7,26,2,0,0,0,5
38,3,9,7,2,0,0,5
32,2,12,4,3,0,1,5
23,6,28,2,2,0,0,1
61,22,32,8,4,0,1,8
85,65,19,9,0,0,0,15
45,34,22,6,1,5,0,20
19,13,17,9,1,5,1,6
4,7,11,5,0,3,1,2
1,3,6,1,3,0,0,1
9,0,9,1,1,1,4,7
11,5,5,3,1,2,5,3
11,4,15,0,2,2,8,4
7,2,23,4,0,9,6,10
20,0,15,12,1,34,18,9
56,2,43,19,4,61,47,19
109,7,68,35,8,93,45,30
171,15,156,71,10,155,96,57
295,39,331,105,17,370,195,86
90,20,188,48,12,140,156,37
93,16,77,40,10,139,60,35
64,20,59,20,4,77,28,33
34,5,30,17,4,64,29,16
24,14,37,15,10,37,18,9
21,9,14,12,4,29,10,14
4,5,13,5,6,21,3,0
3,5,3,3,8,14,3,0
1,4,4,0,5,4,0,0
0,3,1,4,3,1,0,0
0,6,0,4,1,0,0,0
0,1,0,0,1,0,0,0
0,8,0,0,1,0,0,0
0,21,0,0,7,0,0,0
0,10,0,0,7,0,0,0
0,7,0,0,4,0,0,0
0,4,0,0,1,0,0,0
0,1,0,0,0,0,0,0
0,2,693,0,3,5,250,0
7,1,0,5,2,2,0,2
4,5,1,2,4,4,4,3
8,2,1,3,0,2,0,1
3,2,2,1,1,6,0,0
4,5,0,1,4,1,1,1
7,9,1,1,6,0,2,5
4,17,9,2,9,13,0,9
56,50,35,19,20,51,18,25
20,24,34,6,12,13,14,16
20,18,17,10,5,23,13,16
8,12,17,8,3,15,12,7
20,4,34,6,0,16,24,8
32,8,25,18,4,19,25,19
53,7,46,24,10,37,39,18
42,9,56,32,7,62,59,23
56,17,49,22,10,57,56,12
59,8,32,26,8,62,59,11
60,13,39,14,15,78,42,12
72,15,36,23,8,78,35,8
25,12,36,19,4,77,34,12
34,3,36,18,7,59,22,9
24,11,33,9,4,71,29,2
18,8,31,7,6,52,16,1
18,10,21,6,7,42,18,0
19,6,19,4,5,47,19,0
19,7,13,4,8,11,5,0
10,9,14,4,5,8,5,0
17,5,13,4,3,16,0,0
25,4,8,3,6,6,1,0
17,2,3,11,4,8,0,0
13,4,11,7,3,8,1,0
10,6,7,10,9,3,0,0
13,8,2,6,3,1,2,0
22,10,1,3,5,6,0,0
8,14,1,5,3,1,0,0
12,6,7,4,4,0,2,0
25,8,5,4,6,2,0,0
26,17,4,13,9,0,0,0
18,13,8,12,6,3,0,0
18,12,11,16,2,1,0,0
17,8,3,12,10,1,0,0
26,20,5,24,4,1,0,0
16,18,4,18,11,2,0,0
9,8,2,3,8,2,0,0
9,13,0,6,5,0,0,0
5,8,0,6,5,1,0,0
3,4,1,0,9,0,0,0
0,2,0,0,1,0,0,0
0,0,0,0,0,1,0,0
0,0,0,0,0,0,0,0
0,0,1,0,0,0,0,0
0,0,0,0,0,0,0,0
0,0,0,0,0,0,0,0
0,0,0,0,0,0,0,0
0,0,0,0,0,0,0,0
0,0,0,0,0,0,0,0
0,0,0,0,0,0,0,0
0,0,0,0,0,0,0,0
0,0,1,0,0,0,0,0
0,0,0,0,0,0,0,0
0,0,0,0,0,0,0,0
0,0,0,0,0,0,0,0
0,0,0,0,0,0,0,0
0,0,0,0,0,0,0,0
0,0,0,0,0,0,0,0
0,0,0,0,0,0,0,0
0,0,0,0,0,0,0,0
0,0,0,0,0,0,0,0
0,0,0,0,0,0,0,0
0,0,0,0,0,0,0,0
0,0,0,0,0,0,0,0
0,0,0,0,0,0,0,0
0,0,0,0,0,0,0,0
0,0,0,0,0,0,0,0
0,0,0,0,0,0,0,0
0,0,0,0,0,0,0,0
0,0,0,0,0,0,0,0
0,0,0,0,0,0,0,0
0,0,0,0,0,0,0,0
0,0,0,0,0,0,0,0
0,0,0,0,0,0,0,0
0,0,0,0,0,0,0,0
0,0,0,0,0,0,0,0
0,0,0,0,0,0,0,0
0,0,0,0,0,0,0,0
0,0,0,0,0,0,0,0
0,0,0,0,0,0,0,0
0,0,0,0,0,0,0,0
0,0,0,0,0,0,0,0
0,0,0,0,0,0,0,0
1,0,0,0,0,0,0,0
8,0,0,0,0,0,0,0
9,0,0,0,0,0,0,0
13,0,0,0,0,0,0,0
24,0,20,0,0,0,0,0
29,2,70,0,0,0,0,0
35,9,61,4,2,0,1,0
44,11,69,3,1,0,0,0
42,8,49,5,0,0,1,0
67,10,36,6,2,0,2,0
66,4,26,11,1,0,1,0
51,6,26,10,1,0,1,0
38,10,27,8,0,0,0,0
42,7,29,20,4,0,1,0
36,6,38,4,1,0,0,0
47,9,38,11,3,0,5,0
47,17,27,9,5,0,1,0
57,8,16,5,7,0,1,0
51,5,13,7,13,0,3,0
40,7,24,4,3,0,0,0
30,8,22,1,0,0,0,1
26,9,12,1,0,0,2,1
23,3,9,3,1,0,0,0
17,3,4,3,1,2,1,0
8,4,9,2,1,2,0,0
12,3,11,5,2,0,1,0
8,5,17,2,0,0,6,2
7,2,11,9,0,3,9,3
33,4,4,6,2,25,9,3
16,4,23,6,3,18,9,1
39,1,39,13,3,23,22,1
54,5,39,15,1,48,50,3
64,5,85,23,5,60,35,0
57,7,72,24,2,64,74,0
61,8,53,28,3,82,50,0
54,9,38,24,3,72,25,12
62,11,36,19,7,76,40,4
33,13,32,18,1,64,20,7
25,4,21,7,12,50,17,2
15,3,13,5,9,30,12,0
14,6,12,9,0,11,4,1
4,5,1,4,1,10,3,0
1,4,2,1,0,11,3,0
0,7,1,1,2,10,1,0
4,1,0,0,2,3,0,0
3,4,0,0,4,2,1,0
2,5,0,1,1,3,1,0
3,2,1,0,0,5,0,0
5,5,0,2,1,4,0,0
2,2,0,1,6,4,0,0
0,6,0,2,2,0,0,0
1,1,0,3,3,1,0,0
0,4,1,1,1,0,0,0
0,5,0,2,2,2,0,0
0,5,0,0,2,0,0,0
3,1,1,2,8,1,0,0
3,5,2,1,3,1,0,0
1,9,0,0,0,1,0,0
1,3,0,0,3,1,1,1
1,2,2,1,6,1,1,0
1,1,4,1,1,1,0,0
5,2,4,5,2,1,0,1
7,7,9,3,0,3,1,0
3,3,10,1,2,6,7,1
7,8,9,2,1,13,7,2
8,1,19,5,5,21,15,1
16,12,15,8,7,29,16,1
25,7,29,7,9,30,11,1
34,11,40,9,4,49,30,3
48,6,56,19,11,74,45,10
45,9,36,14,5,81,29,8
30,8,43,17,4,45,37,0
45,11,29,22,10,64,15,0
37,10,36,21,7,64,29,0
23,18,25,7,11,41,13,0
10,1,32,8,3,51,17,0
11,6,27,8,6,33,13,0
14,6,33,6,7,23,11,0
19,9,14,6,6,15,11,0
14,5,15,9,4,19,11,0
14,3,7,3,6,7,3,0
16,6,7,6,7,3,10,0
21,5,9,3,2,15,6,0
13,5,8,10,4,5,1,0
4,3,7,5,1,1,0,0
15,5,9,2,3,3,3,0
14,5,3,7,6,0,0,0
6,10,4,6,2,0,1,0
11,3,3,4,0,0,0,0
11,4,7,5,3,1,0,0
7,3,1,4,4,3,0,0
1,4,3,2,6,0,0,0
8,2,3,8,2,1,2,0
6,5,2,6,1,1,0,0
6,6,1,5,1,0,0,0
9,9,3,5,6,0,0,0
7,3,1,4,4,0,1,0
7,4,2,7,6,1,0,0
1,4,0,2,3,3,0,0
0,3,0,2,3,0,0,0
2,7,0,0,3,0,0,0
2,4,0,0,0,0,0,0
0,0,0,0,0,0,0,0
0,0,0,0,0,0,0,0
0,0,0,0,0,0,0,0
0,0,0,0,0,0,0,0
0,0,0,0,0,0,0,0
0,0,0,0,0,0,0,0
0,0,0,0,0,0,0,0
0,0,0,0,0,0,0,0
0,0,0,0,0,0,0,0
0,0,0,0,0,0,0,0
0,0,0,0,0,0,0,0
0,0,0,0,0,0,0,0
0,0,0,0,0,0,0,0
0,0,0,0,0,0,0,0
0,0,0,0,0,0,0,0
0,0,0,0,0,0,0,0
0,0,0,0,0,0,0,0
0,0,0,0,0,0,0,0
0,0,0,0,0,0,0,0
0,0,0,0,0,0,0,0
0,0,0,0,0,0,0,0
0,0,0,0,0,0,0,0
0,0,0,0,0,0,0,0
0,0,0,0,0,0,0,0
0,0,0,0,0,0,0,0
0,0,0,0,0,0,0,0
0,0,0,0,0,0,0,0
0,0,0,0,0,0,0,0
0,0,0,0,0,0,0,0
0,0,0,0,0,0,0,0
0,0,0,0,0,0,0,0
0,0,0,0,0,0,0,0
0,0,0,0,0,0,0,0
0,0,0,0,0,0,0,0
0,0,0,0,0,0,0,0
0,0,0,0,0,0,0,0
0,0,0,0,0,0,0,0
0,0,0,0,0,0,0,0
0,0,0,0,0,0,0,0
0,0,0,0,0,0,0,0
0,0,0,0,0,0,0,0
0,0,0,0,0,0,0,0
0,0,0,0,0,0,0,0
0,0,0,0,0,0,0,0
7,0,2,0,0,0,0,0
9,0,11,0,0,0,0,0
6,0,14,0,0,0,0,0
21,1,41,1,1,0,0,0
18,1,38,0,2,0,1,0
35,1,65,3,0,0,0,0
45,7,45,0,1,0,0,0
53,15,40,3,0,0,1,0
31,12,17,4,1,0,0,0
38,0,22,4,4,0,1,0
26,2,19,7,0,0,1,0
27,3,21,1,0,0,1,0
30,1,30,4,1,0,0,0
32,5,26,3,1,0,0,0
40,8,15,5,1,0,0,0
48,2,13,11,0,0,1,0
34,4,9,7,1,0,0,7
37,3,7,4,1,0,0,3
35,4,16,1,0,0,0,4
26,5,15,8,1,0,2,0
14,3,6,3,1,0,5,3
11,2,10,5,2,2,1,0
6,5,8,0,1,3,5,0
12,2,5,5,3,1,1,0
5,2,11,2,0,0,8,0
13,6,18,6,4,5,4,0
11,3,22,8,2,5,5,0
11,0,20,3,3,14,11,7
26,4,41,3,3,39,18,19
40,4,35,17,0,50,32,22
66,4,53,17,5,66,35,18
67,11,61,29,7,79,53,33
75,7,68,21,7,104,66,37
62,7,65,25,5,97,51,20
46,6,50,24,11,81,40,10
31,11,41,16,9,53,30,0
28,5,26,12,7,31,10,0
13,7,17,6,5,17,21,6
5,8,11,4,8,22,5,7
4,2,5,2,3,26,4,2
2,4,6,3,2,10,2,0
2,5,2,1,2,1,1,0
0,7,2,3,1,6,0,0
1,0,1,2,4,1,2,0
7,5,0,4,1,10,0,0
1,0,0,0,2,0,2,0
2,3,0,1,1,0,1,0
0,6,0,2,4,0,0,0
0,3,0,0,4,0,0,0
0,3,1,1,1,0,0,0
0,2,0,0,1,3,0,0
0,8,1,1,4,2,0,0
0,0,0,2,3,1,0,0
0,5,0,0,5,0,0,2
0,2,0,2,2,0,0,0
1,3,1,1,1,2,0,5
2,3,0,0,3,1,0,0
0,1,1,0,3,0,0,2
0,1,0,0,6,2,0,9
0,3,1,0,0,4,1,4
2,6,8,3,2,2,2,5
4,3,5,1,6,5,1,8
7,1,8,1,1,4,2,8
19,4,19,5,2,11,11,7
23,7,15,2,5,11,18,11
30,4,43,9,6,20,31,13
30,13,39,20,10,74,23,10
48,8,42,23,10,68,36,8
48,7,30,23,7,35,23,0
50,15,58,19,5,63,30,0
31,11,51,18,8,81,25,0
35,6,33,17,6,66,35,0
24,8,29,26,7,57,27,0
28,6,40,7,7,59,22,0
19,10,37,11,5,48,26,0
13,8,40,6,7,51,20,0
18,23,40,8,4,47,15,0
22,4,18,6,2,38,4,0
17,9,24,4,7,6,3,0
10,6,21,9,3,14,5,0
13,2,7,8,4,12,3,0
14,9,8,2,0,7,0,0
5,7,11,3,2,7,2,0
13,5,6,3,5,4,3,0
15,7,3,6,3,4,2,0
8,4,1,3,5,2,0,0
10,6,4,2,3,4,0,0
17,4,3,7,5,2,0,0
10,9,2,7,4,3,1,0
11,9,5,4,6,0,0,0
11,3,6,3,2,0,0,0
13,9,4,7,10,0,0,0
16,10,2,7,11,1,1,0
11,10,5,8,5,0,0,0
11,4,5,4,6,0,0,0
6,3,1,3,5,2,0,0
1,9,0,4,11,0,0,0
0,2,0,5,3,1,0,0
0,4,1,2,10,0,0,0
0,4,0,1,2,0,0,0
0,0,1,0,0,0,0,0
0,0,0,0,0,0,0,0
0,0,0,0,0,0,0,0
0,0,0,0,0,0,0,0
0,0,0,0,0,0,0,0
0,0,0,0,0,0,0,0
0,0,0,0,0,0,0,0
0,0,0,0,0,0,0,0
0,0,0,0,0,0,0,0
0,0,0,0,0,0,0,0
0,0,0,0,0,0,0,0
0,0,0,0,0,0,0,0
0,0,0,0,0,0,0,0
0,0,0,0,0,0,0,0
0,0,0,0,0,0,0,0
0,0,0,0,0,0,0,0
0,0,0,0,0,0,0,0
0,0,0,0,0,0,0,0
0,0,0,0,0,0,0,0
0,0,0,0,0,0,0,0
0,0,0,0,0,0,0,0
0,0,0,0,0,0,0,0
0,0,0,0,0,0,0,0
0,0,0,0,0,0,0,0
0,0,0,0,0,0,0,0
0,0,0,0,0,0,0,0
0,0,0,0,0,0,0,0
0,0,0,0,0,0,0,0
0,0,0,0,0,0,0,0
0,0,0,0,0,0,0,0
0,0,0,0,0,0,0,0
0,0,0,0,0,0,0,0
0,0,0,0,0,0,0,0
0,0,0,0,0,0,0,0
0,0,0,0,0,0,0,0
0,0,0,0,0,0,0,0
0,0,0,0,0,0,0,0
0,0,0,0,0,0,0,0
0,0,0,0,0,0,0,0
0,0,0,0,0,0,0,0
0,0,0,0,0,0,0,0
0,0,0,0,0,0,0,0
0,0,0,0,0,0,0,0
0,1,0,0,0,0,0,0
9,1,5,0,0,0,0,0
11,0,6,0,0,0,0,0
15,0,17,0,0,0,0,0
31,1,41,3,0,0,0,0
49,8,80,10,0,0,0,0
141,11,190,24,0,0,0,0
252,87,265,78,0,0,5,0
322,99,80,125,7,0,3,0
212,43,24,75,1,0,1,0
46,5,27,15,1,0,1,0
24,13,9,10,0,0,0,0
35,3,16,5,1,0,1,0
18,6,17,6,0,0,0,4
26,2,23,5,0,0,3,8
23,5,8,3,1,0,1,5
14,4,11,3,0,0,0,10
21,4,18,9,1,0,0,8
34,8,28,7,1,0,0,11
59,29,39,8,5,0,3,35
131,31,8,37,10,2,0,34
44,16,8,21,6,8,0,28
16,10,7,8,2,11,2,19
8,3,12,4,4,2,0,13
3,2,5,2,3,0,3,4
2,0,1,1,0,1,1,2
5,1,9,0,0,6,6,7
3,2,23,3,1,3,4,7
9,2,23,3,0,8,25,24
13,2,32,5,1,24,39,34
46,5,59,10,4,77,35,41
89,2,74,34,5,100,56,72
176,8,154,70,10,227,85,108
354,48,374,186,31,356,210,208
119,21,244,54,14,197,144,106
66,14,110,35,4,105,70,96
51,16,67,18,9,78,32,49
33,13,36,13,5,51,26,31
22,7,20,10,3,51,19,23
9,2,8,7,5,12,10,5
8,4,8,2,6,13,6,1
5,2,4,2,1,5,1,0
0,2,3,1,1,3,1,0
0,0,0,0,5,4,0,0
0,4,0,1,1,0,0,0
0,1,0,1,1,0,0,0
0,15,0,0,0,0,0,0
0,25,0,0,12,0,0,0
0,8,0,0,9,0,0,0
0,0,0,0,2,0,0,0
0,1,0,0,1,0,0,0
0,1,0,0,1,0,0,0
2,2,0,4,0,0,0,0
9,3,2,5,2,4,0,0
16,1,0,20,1,0,0,0
9,8,0,0,2,2,2,2
10,2,2,0,2,5,0,1
1,2,0,4,2,0,0,2
6,5,1,2,9,5,0,7
23,34,19,7,13,27,0,24
53,81,88,52,38,62,25,54
28,57,81,5,18,29,39,41
15,21,32,6,9,8,21,23
16,15,26,3,9,16,18,13
22,11,29,14,3,25,22,18
41,7,31,14,7,24,28,13
33,11,38,22,2,40,34,31
62,9,52,26,12,56,53,6
62,3,68,20,8,88,66,0
61,9,81,24,9,69,90,0
134,18,97,52,13,128,55,0
75,14,104,26,11,106,66,0
51,9,50,17,6,82,47,0
35,7,29,23,10,79,35,0
30,6,39,17,20,61,28,0
21,10,38,14,5,77,22,0
32,13,44,19,8,89,21,0
48,15,35,20,14,37,14,0
27,9,21,8,9,33,12,0
15,10,22,7,5,12,3,0
15,8,16,1,2,9,7,0
10,1,3,4,2,9,5,0
18,6,6,4,2,2,1,0
11,7,7,5,3,0,3,0
4,9,8,4,3,1,1,0
6,3,1,5,2,1,0,0
15,7,2,4,2,1,1,0
16,4,5,9,5,1,1,0
18,5,2,9,4,2,0,0
22,14,5,16,18,5,0,0
31,25,7,14,18,1,0,0
29,14,5,14,8,0,0,0
13,9,7,9,9,2,2,0
9,32,7,15,8,1,0,0
33,22,11,19,7,3,0,0
20,6,4,4,2,0,0,0
10,9,2,5,7,0,0,0
2,5,0,4,3,0,0,0
2,3,1,0,7,0,0,0
4,4,0,1,1,0,0,0
0,1,0,0,0,0,0,0
0,0,0,0,0,0,0,0
0,0,1,1,0,0,0,0
0,0,0,0,0,0,0,0
0,0,0,0,0,0,0,0
0,0,0,0,0,0,0,0
493,0,0,0,0,0,0,0
0,0,0,0,0,0,0,0
0,0,0,0,0,0,0,0
0,0,0,0,0,0,0,0
0,0,0,0,0,0,0,0
0,0,0,0,0,0,0,0
0,0,0,0,0,0,0,0
0,0,0,0,0,0,0,0
0,0,0,0,0,0,0,0
0,0,0,0,0,0,0,0
0,0,0,0,0,0,0,0
0,0,0,0,0,0,0,0
2,0,0,0,0,0,0,0
1,0,0,0,0,0,0,0
0,0,0,0,0,0,0,0
23,0,0,0,0,0,0,0
44,0,0,0,0,0,0,0
40,0,0,0,0,0,0,0
31,0,0,0,0,0,0,0
4,0,0,0,0,0,0,0
6,0,0,0,0,0,0,0
2,0,0,0,0,0,0,0
2,0,0,0,0,0,0,0
0,0,0,0,0,0,0,0
0,0,0,0,0,0,0,0
3,0,0,0,0,0,0,0
7,0,0,0,0,0,0,0
13,0,0,0,0,0,0,0
20,0,0,0,0,0,0,0
33,0,0,0,0,0,0,0
40,0,0,0,0,0,0,0
49,0,0,0,0,0,0,0
43,0,0,0,0,0,0,0
33,0,0,0,0,0,0,0
5,0,0,0,0,0,0,0
4,0,0,0,0,0,0,0
2,0,0,0,0,0,0,0
8,0,0,0,0,0,0,0
5,0,0,0,0,0,0,0
13,0,5,1,0,0,0,0
16,0,16,0,0,0,0,0
40,1,8,3,0,0,0,0
60,2,49,2,0,0,0,0
69,8,86,13,0,0,4,0
185,48,201,77,5,0,7,0
356,93,252,195,8,0,8,0
285,102,107,121,7,0,0,0
196,43,42,83,8,0,0,0
46,10,39,17,0,0,0,0
47,7,16,8,2,0,0,0
25,2,18,7,1,0,0,0
32,4,16,3,1,0,0,4
20,5,18,3,0,0,0,4
42,7,11,8,3,1,2,8
30,1,9,5,0,0,0,5
32,4,18,2,0,0,0,5
50,14,19,3,1,0,1,1
83,45,20,10,1,0,1,8
74,54,12,10,8,0,0,18
35,12,4,6,12,8,4,30
10,7,2,2,4,4,0,9
3,1,2,3,1,2,0,2
3,3,2,4,0,5,0,3
4,2,2,0,0,6,4,5
4,4,5,4,1,3,3,4
4,1,9,0,1,7,1,6
22,0,13,9,0,25,8,24
29,2,21,9,2,33,18,22
50,2,35,26,3,74,26,29
111,3,44,42,9,103,50,60
184,3,170,84,11,249,129,98
286,23,393,180,24,432,260,117
106,16,277,45,17,206,204,128
57,33,141,28,5,112,103,86
52,14,66,38,9,64,48,43
36,16,33,16,12,35,36,23
18,12,33,11,8,28,23,13
17,8,14,3,3,7,3,2
11,4,7,1,1,6,2,0
24,4,0,0,5,8,2,0
8,3,2,1,7,2,1,0
1,6,2,0,4,2,2,0
1,3,1,1,5,2,2,0
4,2,1,0,3,3,0,0
3,13,0,0,1,0,0,0
2,28,0,3,9,1,0,0
6,10,0,11,8,2,1,0
5,2,1,1,3,0,0,0
4,6,0,2,4,1,0,0
1,2,0,1,3,0,0,0
2,1,0,2,2,0,0,0
5,1,0,1,0,0,0,0
9,3,0,0,3,0,0,0
7,0,0,0,1,0,0,1
11,0,2,0,2,1,0,1
1,4,2,1,2,0,0,4
2,12,3,2,9,5,0,9
6,31,5,5,15,22,1,20
52,70,59,28,48,49,11,32
26,49,61,16,19,36,24,28
15,22,21,15,11,19,14,19
15,17,22,12,15,15,27,29
25,7,28,7,7,16,23,11
18,9,37,15,8,21,20,20
32,12,31,18,2,40,35,16
50,4,59,28,10,48,35,0
72,9,70,19,9,76,42,0
69,16,69,31,10,86,47,0
154,19,94,58,13,210,59,0
65,20,111,37,12,129,85,0
34,14,43,32,8,70,45,0
36,13,43,24,11,70,45,0
18,6,35,19,8,63,30,0
19,17,41,16,4,54,49,0
11,15,35,7,3,60,19,0
20,17,27,20,9,42,15,0
24,5,13,13,6,21,9,0
17,8,7,13,6,13,3,0
25,6,18,12,2,15,0,0
12,5,13,6,5,8,2,0
10,8,9,5,2,9,2,0
14,1,7,3,4,3,0,0
5,4,7,3,3,4,2,0
9,4,4,1,3,1,2,0
3,4,6,6,2,1,1,0
3,5,3,1,3,2,0,0
10,11,6,8,2,7,0,0
26,41,4,8,7,1,0,0
29,17,8,18,16,6,0,0
11,13,6,9,6,1,0,0
9,5,3,7,9,5,0,0
16,18,5,15,9,2,0,0
12,31,6,20,10,3,0,0
8,16,2,11,12,0,0,0
6,8,0,4,10,0,0,0
3,10,0,10,5,1,0,0
1,10,0,0,8,0,0,0
1,4,0,4,5,0,0,0
0,4,0,0,0,0,0,0
0,0,0,0,0,0,0,0
0,0,0,1,0,0,0,0
0,0,0,0,0,0,0,0
0,0,0,0,0,0,0,0
0,0,0,0,0,0,0,0
883,0,420,0,0,0,0,0
0,0,0,0,0,0,0,0
0,0,0,0,0,0,0,0
0,0,0,0,0,0,0,0
0,0,0,0,0,0,0,0
0,0,0,0,0,0,0,0
0,0,0,0,0,0,0,0
0,0,0,0,0,0,0,0
0,0,0,0,0,0,0,0
0,0,0,0,0,0,0,0
0,0,0,0,0,0,0,0
1,0,0,0,0,0,0,0
1,0,0,0,0,0,0,0
2,0,0,0,0,0,0,0
14,0,0,0,0,0,0,0
31,0,0,0,0,0,0,0
47,0,0,0,0,0,0,0
46,0,0,0,0,0,0,0
33,0,0,0,0,0,0,0
4,0,0,0,0,0,0,0
7,0,0,0,0,0,0,0
5,0,0,0,0,0,0,0
0,0,0,0,0,0,0,0
0,0,0,0,0,0,0,0
0,0,0,0,0,0,0,0
0,0,0,0,0,0,0,0
1,0,0,0,0,0,0,0
5,0,0,0,0,0,0,0
2,0,0,0,0,0,0,0
7,0,0,0,0,0,0,0
29,0,0,0,0,0,0,0
43,0,0,0,0,0,0,0
35,0,0,0,0,0,0,0
28,0,0,0,0,0,0,0
7,0,0,0,0,0,0,0
4,0,0,0,0,0,0,0
4,0,0,0,0,0,0,0
1,0,0,0,0,0,0,0
0,1,0,0,0,0,0,0
4,1,2,0,0,0,0,0
11,1,14,1,0,0,0,0
19,1,12,0,0,0,0,0
22,1,26,4,0,0,0,0
48,2,73,10,0,0,0,0
148,30,230,44,3,0,12,0
264,122,248,91,2,0,7,0
300,111,117,147,6,0,1,0
171,42,43,87,7,0,0,0
59,10,29,16,2,0,0,0
40,13,19,8,1,0,3,0
32,3,21,3,4,0,0,0
40,2,21,3,1,0,2,4
34,3,20,3,0,0,0,4
52,0,9,4,2,1,0,5
39,2,12,7,0,0,0,2
26,4,7,7,2,0,4,6
22,4,22,1,2,0,0,6
68,34,14,12,1,0,2,18
106,44,3,11,6,2,1,8
58,20,7,17,9,3,0,9
13,6,5,0,2,1,2,2
8,3,2,1,6,0,0,1
8,1,5,2,0,8,1,3
5,1,11,1,0,4,4,6
2,4,7,0,1,4,9,5
1,4,6,1,0,13,4,3
19,2,22,1,2,21,13,11
29,4,26,18,2,29,25,28
70,3,33,36,3,87,34,28
98,1,37,46,4,110,36,32
210,17,146,101,13,248,112,70
346,39,373,196,20,391,233,115
169,18,259,74,26,171,223,84
83,18,112,29,7,100,83,51
49,20,77,9,13,59,49,32
23,13,35,7,11,35,37,15
16,9,15,6,4,28,17,12
8,2,14,2,6,17,12,4
10,2,3,0,5,16,5,1
0,0,5,0,5,11,2,0
7,7,2,0,8,0,0,0
2,3,0,0,5,1,0,0
0,1,0,0,1,1,0,0
0,3,0,0,2,2,0,0
0,9,0,1,2,0,0,0
0,28,0,0,12,0,0,0
0,8,0,0,6,0,0,0
0,11,0,0,6,0,0,0
0,5,0,0,4,0,0,0
0,1,0,0,4,0,0,0
14,3,0,3,6,1,0,0
19,2,0,1,1,1,0,0
33,3,0,9,2,0,0,0
12,4,0,3,1,1,0,2
33,4,2,1,2,0,0,6
20,4,0,3,3,0,1,2
6,6,0,1,2,7,0,3
12,18,7,12,11,16,0,16
48,45,51,34,34,47,24,27
24,28,56,21,5,25,39,24
10,13,19,3,2,20,21,10
10,16,21,6,3,13,23,15
28,10,28,4,1,11,25,15
45,14,43,11,1,30,35,18
71,9,48,26,6,76,49,23
59,12,49,16,11,73,45,6
66,10,57,20,9,74,72,0
94,12,85,35,11,98,74,0
139,13,76,49,13,168,70,0
79,12,84,32,3,92,84,0
44,18,45,19,11,61,43,0
32,8,35,15,7,38,29,0
15,9,29,6,1,53,33,0
12,4,34,3,4,36,20,0
22,10,40,8,4,42,10,0
25,13,23,10,3,20,8,0
24,12,28,1,9,17,3,0
10,9,4,1,5,9,2,0
13,7,3,1,3,10,1,0
9,1,3,1,1,6,0,0
9,3,3,2,6,1,4,0
6,4,8,2,2,1,3,0
9,2,1,3,3,2,0,0
11,9,1,3,3,2,3,0
5,10,3,2,4,2,0,0
12,8,2,2,3,1,0,0
14,10,2,3,6,0,0,0
43,10,5,21,14,2,0,0
30,24,10,28,19,3,0,0
11,12,2,6,10,4,0,0
17,8,6,3,5,0,0,0
33,22,3,8,6,3,0,0
26,33,7,22,12,2,0,0
12,10,3,3,4,0,0,0
8,10,3,6,2,0,0,0
2,4,0,3,2,1,0,0
0,6,0,1,4,0,0,0
0,4,0,2,3,0,0,0
0,1,0,1,1,0,0,0
0,0,0,1,0,0,0,0
0,0,0,0,0,0,0,0
0,0,0,0,0,0,0,0
0,0,0,0,0,0,0,0
0,0,0,0,0,0,0,0
0,0,0,0,0,0,0,0
0,0,0,0,0,0,0,0
0,0,0,0,0,0,0,0
0,0,0,0,0,0,0,0
0,0,0,0,0,0,0,0
0,0,0,0,0,0,0,0
0,0,0,0,0,0,0,0
0,0,0,0,0,0,0,0
0,0,0,0,0,0,0,0
0,0,0,0,0,0,0,0
0,0,0,0,0,0,0,0
0,0,0,0,0,0,0,0
0,0,0,0,0,0,0,0
0,0,0,0,0,0,0,0
0,0,0,0,0,0,0,0
0,0,0,0,0,0,0,0
0,0,0,0,0,0,0,0
0,0,0,0,0,0,0,0
0,0,0,0,0,0,0,0
0,0,0,0,0,0,0,0
0,0,0,0,0,0,0,0
0,0,0,0,0,0,0,0
0,0,0,0,0,0,0,0
0,0,0,0,0,0,0,0
0,0,0,0,0,0,0,0
0,0,0,0,0,0,0,0
0,0,0,0,0,0,0,0
0,0,0,0,0,0,0,0
0,0,0,0,0,0,0,0
0,0,0,0,0,0,0,0
0,0,0,0,0,0,0,0
0,0,0,0,0,0,0,0
0,0,0,0,0,0,0,0
0,0,0,0,0,0,0,0
0,0,0,0,0,0,0,0
0,0,0,0,0,0,0,0
0,0,0,0,0,0,0,0
0,0,0,0,0,0,0,0
4,0,0,0,0,0,0,0
8,2,1,0,0,0,0,0
20,0,9,0,0,0,0,0
20,2,5,0,0,0,0,0
27,1,33,1,0,0,0,0
63,4,76,10,0,0,1,0
193,65,193,39,2,0,6,0
347,124,304,134,5,0,6,0
370,144,168,111,5,0,3,0
251,31,41,69,6,0,0,0
60,10,37,16,1,0,0,0
32,10,19,8,0,0,0,0
32,5,19,5,3,0,2,0
21,5,15,4,0,0,1,2
34,7,14,6,1,0,1,1
32,4,13,1,2,0,1,5
17,4,11,2,0,0,0,3
22,0,8,3,4,0,0,3
19,9,15,3,1,0,1,3
84,30,22,9,1,0,5,14
100,51,13,23,3,1,0,16
65,37,3,21,11,4,0,25
10,13,7,3,6,6,6,4
6,3,8,1,4,5,1,4
6,0,1,5,6,2,1,3
11,1,3,1,1,2,1,2
12,0,5,2,3,10,8,2
5,2,6,1,1,10,7,3
16,3,7,4,3,14,11,6
29,1,18,11,1,35,10,14
64,4,33,20,3,47,32,19
118,4,56,40,6,137,49,34
142,5,111,57,5,178,77,46
263,47,286,166,14,417,195,77
72,24,164,33,6,146,145,43
53,20,118,23,4,94,76,50
40,10,100,25,8,78,76,42
12,4,42,12,4,30,23,17
17,15,31,8,1,24,21,14
10,13,21,3,2,27,25,8
8,7,19,3,3,21,7,1
1,11,19,2,7,14,2,1
1,6,2,1,4,5,0,0
0,12,5,0,1,1,2,0
0,9,2,1,0,4,1,0
2,12,0,0,1,0,0,1
0,7,0,1,9,3,0,0
1,5,1,3,8,2,0,0
0,5,0,2,4,2,0,0
1,12,0,1,1,2,0,0
1,6,0,0,0,0,0,0
0,8,0,0,2,1,0,0
2,6,0,0,3,0,0,0
0,9,0,1,1,0,0,0
0,5,0,2,5,1,0,2
0,3,0,0,3,2,0,0
0,6,0,0,3,5,0,1
1,10,1,2,3,1,0,5
3,11,6,1,8,2,1,6
1,10,5,0,2,2,2,6
1,4,3,1,4,4,1,3
11,5,7,8,5,16,7,5
15,6,10,7,4,11,8,6
19,11,24,8,5,23,21,11
22,16,22,8,5,24,23,15
33,7,23,13,3,44,29,13
49,9,58,28,4,99,37,28
65,6,47,25,4,77,65,2
65,12,52,21,11,91,73,0
69,19,81,25,15,92,63,0
67,10,68,20,13,93,64,0
47,18,62,19,3,63,53,0
40,17,47,27,8,71,40,0
19,10,46,19,5,61,38,0
15,13,51,20,8,75,45,0
20,6,48,11,5,63,39,0
15,18,29,3,9,85,29,0
27,32,32,5,6,47,17,0
25,11,12,5,8,24,7,0
22,6,13,5,3,15,7,0
12,6,11,8,6,13,5,0
12,9,11,5,2,12,8,0
14,5,6,2,5,10,5,0
11,6,6,6,10,2,1,0
8,7,4,4,2,5,1,0
8,9,5,5,4,2,2,0
17,11,4,6,4,2,1,0
12,4,0,3,2,0,0,0
5,11,2,8,8,0,0,0
24,14,3,15,3,2,0,0
27,18,14,17,23,4,1,0
14,21,4,11,7,0,0,0
13,13,9,7,5,3,0,0
11,32,9,3,7,1,2,0
34,19,7,13,18,3,0,0
25,17,2,7,8,5,0,0
2,9,1,6,16,1,0,0
4,11,0,2,4,1,0,0
4,8,0,1,6,0,0,0
4,2,1,0,8,1,0,0
1,5,0,0,0,1,0,0
0,0,0,0,0,0,0,0
0,0,0,0,0,0,0,0
0,0,0,0,0,0,0,0
0,0,0,0,0,0,0,0
0,0,0,0,0,0,0,0
534,0,0,0,0,0,0,0
0,0,0,0,0,0,0,0
0,0,0,0,0,0,0,0
0,0,0,0,0,0,0,0
0,0,0,0,0,0,0,0
0,0,0,0,0,0,0,0
0,0,0,0,0,0,0,0
0,0,0,0,0,0,0,0
0,0,0,0,0,0,0,0
0,0,0,0,0,0,0,0
0,0,0,0,0,0,0,0
0,0,0,0,0,0,0,0
0,0,0,0,0,0,0,0
0,0,0,0,0,0,0,0
0,0,0,0,0,0,0,0
0,0,0,0,0,0,0,0
0,0,0,0,0,0,0,0
0,0,0,0,0,0,0,0
0,0,0,0,0,0,0,0
0,0,0,0,0,0,0,0
0,0,0,0,0,0,0,0
0,0,0,0,0,0,0,0
0,0,0,0,0,0,0,0
0,0,0,0,0,0,0,0
0,0,0,0,0,0,0,0
0,0,0,0,0,0,0,0
0,0,0,0,0,0,0,0
0,0,0,0,0,0,0,0
0,0,0,0,0,0,0,0
0,0,0,0,0,0,0,0
0,0,0,0,0,0,0,0
0,0,0,0,0,0,0,0
0,0,0,0,0,0,0,0
0,0,0,0,0,0,0,0
0,0,0,0,0,0,0,0
0,0,0,0,0,0,0,0
1,0,0,0,0,0,0,0
0,0,0,0,0,0,0,0
1,0,0,0,0,0,0,0
8,1,5,0,0,0,0,0
15,1,10,0,0,0,0,0
12,0,17,1,0,0,0,0
30,3,47,4,0,0,0,0
49,5,74,2,0,0,0,0
151,21,173,29,1,0,1,0
300,98,242,91,1,0,1,0
281,136,150,83,3,0,4,0
196,32,43,58,10,0,0,0
61,21,53,10,1,0,0,0
56,19,32,13,2,0,0,0
46,13,21,11,4,0,0,0
37,3,8,14,2,0,0,2
39,4,12,6,2,0,0,2
39,1,8,6,4,0,0,3
23,3,21,4,1,0,2,1
14,3,10,2,1,0,2,0
16,5,16,7,2,0,3,2
73,25,14,6,5,1,1,6
84,52,25,14,6,0,1,9
39,21,10,10,9,3,1,14
19,3,12,3,5,8,7,14
11,2,6,3,2,3,0,6
8,3,9,0,1,4,0,2
3,3,6,4,1,0,1,3
10,1,5,1,0,7,1,2
23,2,6,7,4,7,2,7
19,5,19,5,1,17,12,9
19,1,20,6,1,19,23,13
45,2,33,14,1,66,29,18
69,9,36,24,5,70,36,17
143,7,129,62,14,169,84,52
235,50,290,98,24,318,199,99
135,17,198,53,12,159,157,80
63,25,133,31,15,132,105,64
50,21,80,18,12,65,57,33
23,17,30,12,8,69,28,25
25,12,20,13,5,22,10,15
6,10,13,7,5,22,6,9
7,7,3,3,8,15,2,0
1,2,5,2,6,6,0,0
0,6,0,1,2,5,1,0
0,2,0,0,2,2,1,0
0,1,1,0,1,0,0,0
0,7,0,0,2,0,0,0
0,2,0,0,5,0,0,0
0,6,0,0,6,0,0,0
0,9,0,0,4,0,0,0
0,2,0,0,2,0,0,0
0,2,0,0,0,0,0,0
0,0,0,0,1,0,0,0
1,0,0,0,1,2,0,0
2,0,1,0,2,1,1,0
8,3,0,1,1,2,0,0
2,1,0,0,1,0,0,0
2,5,1,0,1,6,0,1
2,1,0,0,5,4,0,3
2,2,0,0,7,0,0,2
11,14,4,2,7,4,1,8
49,25,40,24,19,36,7,22
29,31,49,11,6,41,24,21
18,18,33,5,12,17,7,20
13,13,27,3,2,19,8,7
17,17,18,5,4,21,19,7
30,8,25,8,10,21,15,13
53,8,51,11,6,28,33,7
58,10,54,14,10,50,43,0
71,24,78,22,9,52,50,0
58,12,54,24,6,83,63,0
43,17,55,22,8,67,55,0
45,12,60,27,8,65,57,0
50,16,43,22,16,59,41,0
30,9,30,12,7,59,35,0
20,8,34,7,6,50,28,0
8,8,29,9,9,39,18,0
10,3,27,8,12,27,9,0
20,9,30,10,6,28,16,0
20,12,13,14,6,17,12,0
21,10,18,4,8,20,5,0
12,13,24,4,2,11,3,0
17,5,15,3,6,9,3,0
8,7,8,1,0,3,3,0
9,9,9,2,6,3,2,0
15,3,7,1,3,7,0,0
14,8,1,1,2,2,0,0
5,6,2,3,2,4,0,0
5,5,2,6,5,1,0,0
12,4,3,3,2,5,0,0
14,13,2,2,1,1,1,0
15,12,4,6,11,1,2,0
29,14,5,9,4,3,3,0
19,7,2,4,7,1,0,0
24,13,4,17,6,2,0,0
15,14,7,6,6,4,2,0
10,7,0,6,7,1,0,0
16,14,0,12,9,1,0,0
6,5,0,5,7,2,0,0
3,11,0,3,6,1,0,0
0,4,0,1,6,0,0,0
0,0,1,0,0,2,0,0
0,2,0,0,0,1,0,0
0,0,0,0,0,0,0,0
0,0,0,0,0,0,0,0
0,0,0,0,0,0,0,0
0,0,0,0,0,0,0,0
0,0,1,0,0,0,0,0
0,0,0,0,0,0,0,0
0,0,0,0,0,0,0,0
0,0,0,0,0,0,0,0
0,0,0,0,0,0,0,0
0,0,0,0,0,0,0,0
0,0,0,0,0,0,0,0
0,0,0,0,0,0,0,0
0,0,0,0,0,0,0,0
0,0,0,0,0,0,0,0
0,0,0,0,0,0,0,0
0,0,0,0,0,0,0,0
0,0,0,0,0,0,0,0
0,0,0,0,0,0,0,0
0,0,0,0,0,0,0,0
0,0,0,0,0,0,0,0
0,0,0,0,0,0,0,0
0,0,0,0,0,0,0,0
0,0,0,0,0,0,0,0
0,0,0,0,0,0,0,0
0,0,0,0,0,0,0,0
0,0,0,0,0,0,0,0
0,0,0,0,0,0,0,0
0,0,0,0,0,0,0,0
0,0,0,0,0,0,0,0
0,0,0,0,0,0,0,0
0,0,0,0,0,0,0,0
0,0,0,0,0,0,0,0
0,0,0,0,0,0,0,0
0,0,0,0,0,0,0,0
0,0,0,0,0,0,0,0
0,0,0,0,0,0,0,0
0,0,0,0,0,0,0,0
0,0,0,0,0,0,0,0
0,0,0,0,0,0,0,0
0,0,0,0,0,0,0,0
0,0,0,0,0,0,0,0
0,0,0,0,0,0,0,0
1,0,0,0,0,0,0,0
2,0,0,0,0,0,0,0
19,0,0,0,0,0,0,0
21,0,12,0,2,0,0,0
38,0,22,3,0,0,0,0
22,2,29,5,0,0,0,0
30,2,33,5,1,0,0,0
47,12,58,10,2,0,0,0
78,11,50,8,7,0,0,0
30,7,56,5,2,0,0,0
44,2,43,4,0,0,1,0
42,2,44,6,2,0,0,0
54,9,52,7,0,0,2,0
56,6,49,7,1,0,0,0
56,9,33,3,2,0,1,0
45,6,54,6,2,0,0,0
55,5,38,10,2,0,2,1
50,4,14,5,6,0,2,0
45,4,23,8,1,0,1,0
52,13,24,3,3,0,2,3
37,7,19,1,2,3,0,1
23,10,20,1,2,1,0,0
12,3,5,2,1,0,7,1
14,6,14,4,5,5,3,0
7,6,18,2,4,7,2,0
13,7,13,2,1,3,6,0
14,2,13,5,4,1,7,0
12,4,24,6,1,9,9,0
23,3,23,8,1,9,16,5
33,6,26,11,2,41,37,6
44,10,35,10,3,36,68,10
49,9,81,16,4,79,55,13
61,8,79,18,5,69,72,22
67,7,62,27,9,91,82,15
52,9,58,22,5,106,67,17
48,8,52,14,10,91,54,14
35,6,38,16,4,80,30,2
21,12,31,6,6,45,33,7
20,10,17,6,4,24,19,5
9,11,12,1,7,20,6,1
5,7,11,0,4,22,2,0
1,3,6,2,3,8,5,0
4,2,4,2,2,12,5,0
1,6,2,0,5,8,1,0
1,4,0,0,2,1,1,0
0,5,1,0,1,0,1,0
3,3,4,1,3,1,0,0
4,8,1,1,1,2,0,0
0,1,1,0,1,0,0,0
0,4,0,0,2,0,0,0
0,5,0,0,3,1,0,0
1,3,0,1,3,1,0,0
1,7,0,0,4,0,1,0
0,8,1,0,1,0,1,0
0,4,0,0,3,0,0,0
0,1,0,0,1,0,0,0
1,4,0,0,7,4,0,0
0,3,0,0,0,0,0,0
0,4,2,3,0,2,3,0
3,0,4,2,3,3,0,3
1,2,5,0,2,5,1,0
3,2,5,1,1,3,1,2
8,6,6,1,4,9,4,0
4,5,13,6,2,6,6,5
9,6,18,0,0,6,11,0
20,7,37,2,3,14,14,0
21,4,17,5,2,38,24,0
34,12,32,14,1,29,40,0
49,11,33,18,7,55,44,0
49,12,35,24,8,75,44,0
42,13,30,14,6,41,36,0
43,11,26,22,3,46,32,0
29,9,39,14,6,45,30,0
17,16,25,6,7,41,23,0
21,10,25,8,6,42,23,0
9,7,15,4,4,35,13,0
19,7,25,3,4,24,21,0
16,13,15,7,11,12,3,0
15,11,12,7,3,14,9,0
17,6,15,8,4,17,5,0
10,3,7,5,3,5,1,0
17,11,7,1,8,7,2,0
20,8,2,4,2,2,2,0
11,5,3,6,1,1,0,0
9,3,4,2,3,1,2,0
10,12,5,2,3,1,1,0
4,3,4,6,3,1,1,0
7,6,2,3,1,0,1,0
9,3,6,7,5,3,0,0
7,5,4,5,3,1,0,0
7,6,5,2,5,0,0,0
7,5,3,4,8,1,0,0
9,7,3,3,6,1,0,0
6,4,5,5,5,1,0,0
7,4,1,3,5,2,0,0
11,6,0,6,1,0,0,0
9,5,0,2,5,0,0,0
3,7,0,1,7,0,0,0
0,3,0,1,5,0,0,0
0,4,0,2,3,0,0,0
0,0,0,0,3,0,0,0
0,0,0,0,0,0,0,0
0,0,0,0,0,0,0,0
0,0,1,0,0,0,0,0
0,0,0,0,0,0,0,0
0,0,0,0,0,0,0,0
0,0,0,0,0,0,0,0
0,0,0,0,0,0,0,0
0,0,0,0,0,0,0,0
0,0,0,0,0,0,0,0
0,0,0,0,0,0,0,0
0,0,0,0,0,0,0,0
0,0,0,0,0,0,0,0
0,0,0,0,0,0,0,0
0,0,0,0,0,0,0,0
0,0,0,0,0,0,0,0
0,0,0,0,0,0,0,0
0,0,0,0,0,0,0,0
0,0,0,0,0,0,0,0
0,0,0,0,0,0,0,0
0,0,0,0,0,0,0,0
0,0,0,0,0,0,0,0
0,0,0,0,0,0,0,0
0,0,0,0,0,0,0,0
0,0,0,0,0,0,0,0
0,0,0,0,0,0,0,0
0,0,0,0,0,0,0,0
0,0,0,0,0,0,0,0
0,0,0,0,0,0,0,0
0,0,0,0,0,0,0,0
0,0,0,0,0,0,0,0
0,0,0,0,0,0,0,0
0,0,0,0,0,0,0,0
0,0,0,0,0,0,0,0
0,0,0,0,0,0,0,0
0,0,0,0,0,0,0,0
0,0,0,0,0,0,0,0
0,0,0,0,0,0,0,0
0,0,0,0,0,0,0,0
0,0,0,0,0,0,0,0
0,0,0,0,0,0,0,0
0,0,0,0,0,0,0,0
0,0,0,0,0,0,0,0
1,0,0,0,0,0,0,0
0,0,0,0,0,0,0,0
0,0,2,0,0,0,0,0
8,0,8,0,0,0,0,0
15,0,7,0,0,0,0,0
10,0,5,0,0,0,0,0
13,0,14,1,0,0,0,0
24,3,21,3,0,0,0,0
26,2,32,4,1,0,0,0
41,12,39,1,1,0,0,0
33,9,22,4,0,0,0,0
22,5,18,5,0,0,0,0
39,4,20,9,3,0,0,0
27,1,26,4,1,0,1,0
36,5,19,5,0,0,0,0
28,4,22,2,1,0,1,0
44,4,25,3,2,0,0,0
46,2,22,7,0,0,0,0
36,8,22,2,0,0,0,0
40,8,28,3,0,0,1,0
36,8,18,7,1,0,0,0
43,6,8,8,3,2,1,0
19,10,10,4,2,0,0,0
14,7,14,2,2,2,1,0
6,8,11,2,3,0,1,2
16,5,11,0,0,3,3,3
11,2,7,0,3,2,6,6
15,2,6,2,1,6,5,2
11,2,13,5,1,11,9,2
15,4,28,7,1,10,16,0
25,8,32,6,1,25,25,0
34,3,39,18,1,31,41,0
75,12,48,18,7,41,43,0
84,9,90,44,8,82,86,18
60,13,104,25,6,112,86,49
54,11,49,21,17,89,62,33
60,16,31,26,9,85,38,38
26,12,39,14,4,62,34,20
24,12,35,21,7,41,20,20
5,5,21,4,4,38,7,11
5,3,7,2,4,31,12,4
6,9,9,2,3,18,8,0
1,6,6,1,3,12,5,0
0,5,7,1,7,4,6,0
0,9,2,0,0,9,2,0
0,3,4,2,3,0,1,0
0,3,2,0,4,2,0,0
2,7,3,0,1,1,1,0
3,4,1,3,5,5,0,0
0,2,1,0,2,0,1,0
0,0,0,0,1,1,0,0
1,2,0,1,5,0,0,0
1,2,0,0,0,1,1,0
0,7,0,0,2,1,0,0
0,3,0,0,1,0,0,0
0,2,0,3,4,1,0,0
0,2,0,0,3,0,0,6
0,1,1,0,0,0,0,2
0,1,0,0,1,1,1,3
0,6,5,0,2,1,1,1
0,3,6,1,3,6,1,10
3,1,3,2,2,10,0,4
3,4,5,0,3,12,4,10
7,1,11,2,2,8,6,6
3,6,11,0,1,13,9,10
15,4,15,8,4,14,13,6
24,7,35,8,3,42,14,0
34,5,32,17,6,29,32,0
36,6,34,18,0,52,44,0
41,11,31,21,6,56,32,0
44,4,36,10,3,56,29,0
44,12,57,17,17,66,38,0
41,7,36,19,7,72,31,0
24,3,34,18,9,48,21,0
17,9,26,15,6,35,18,0
26,9,33,10,7,42,22,0
18,7,37,9,4,44,24,0
20,9,27,7,8,26,12,0
16,11,22,4,6,22,11,0
11,6,12,8,6,11,5,0
16,10,14,6,7,6,2,0
19,6,10,2,2,9,2,0
10,6,5,3,4,5,3,0
17,10,14,1,1,5,2,0
8,7,3,2,3,3,0,0
9,7,3,1,2,3,3,0
14,4,2,4,2,0,0,0
10,4,4,2,3,0,1,0
15,3,3,4,5,0,1,0
8,9,2,1,1,0,1,0
10,4,7,5,4,0,0,0
5,2,5,3,1,3,0,0
6,2,2,2,3,0,0,0
9,6,1,7,2,0,0,0
22,13,4,13,10,4,0,0
16,14,2,6,7,0,0,0
15,6,1,6,2,0,0,0
9,6,0,4,1,1,0,0
2,1,1,2,5,1,2,0
0,4,0,3,1,0,0,0
0,2,0,0,0,0,0,0
0,1,0,0,0,0,0,0
0,2,0,0,0,0,0,0
0,0,0,0,0,0,0,0
0,0,0,0,0,0,0,0
0,0,0,0,0,0,0,0
0,0,0,0,0,0,0,0
501,0,0,0,0,0,0,0
0,0,0,0,0,0,0,0
0,0,0,0,0,0,0,0
0,0,0,0,0,0,0,0
0,0,0,0,0,0,0,0
0,0,0,0,0,0,0,0
0,0,0,0,0,0,0,0
0,0,0,0,0,0,0,0
0,0,0,0,0,0,0,0
0,0,0,0,0,0,0,0
0,0,0,0,0,0,0,0
0,0,0,0,0,0,0,0
0,0,0,0,0,0,0,0
0,0,0,0,0,0,0,0
0,0,0,0,0,0,0,0
0,0,0,0,0,0,0,0
0,0,0,0,0,0,0,0
0,0,0,0,0,0,0,0
0,0,0,0,0,0,0,0
0,0,0,0,0,0,0,0
0,0,0,0,0,0,0,0
0,0,0,0,0,0,0,0
0,0,0,0,0,0,0,0
0,0,0,0,0,0,0,0
0,0,0,0,0,0,0,0
0,0,0,0,0,0,0,0
0,0,0,0,0,0,0,0
0,0,0,0,0,0,0,0
0,0,0,0,0,0,0,0
0,0,0,0,0,0,0,0
0,0,0,0,0,0,0,0
0,0,0,0,0,0,0,0
0,0,0,0,0,0,0,0
0,0,0,0,0,0,0,0
0,0,0,0,0,0,0,0
0,0,0,0,0,0,0,0
0,0,0,0,0,0,0,0
0,0,0,0,0,0,0,0
0,0,1,0,0,0,0,0
2,1,3,0,0,0,0,0
8,0,8,0,0,0,0,0
16,2,11,0,0,0,0,0
21,0,34,2,0,0,0,0
54,2,65,3,0,0,0,0
153,22,132,19,2,0,0,0
276,71,207,60,1,0,0,0
274,77,107,93,4,0,0,0
243,50,38,64,10,0,0,0
34,14,24,5,1,0,0,0
34,8,13,7,1,0,0,0
31,7,16,6,0,0,0,0
31,3,18,2,0,0,0,9
13,1,18,2,0,0,0,6
23,1,14,3,0,0,0,7
28,1,17,2,1,0,0,3
35,4,23,4,0,0,0,15
30,11,19,11,1,0,0,17
72,43,46,7,6,0,0,13
105,60,13,34,8,1,5,26
75,22,7,25,7,9,1,56
18,11,11,6,8,6,1,14
6,7,8,4,1,1,1,17
6,4,16,1,2,1,1,7
2,7,3,0,1,1,1,6
7,2,7,0,1,9,1,6
5,3,14,2,0,5,4,9
4,2,27,2,2,14,7,12
39,1,31,9,2,27,24,33
78,4,53,31,1,46,52,66
107,3,66,38,3,85,56,70
147,8,173,52,11,159,103,119
306,29,314,178,19,311,190,167
143,23,204,54,11,177,136,121
82,17,110,32,7,113,111,128
42,23,88,18,6,63,60,82
19,16,41,9,4,31,27,51
22,8,23,6,2,27,20,36
7,8,15,6,5,25,13,12
1,3,5,0,3,14,10,2
0,1,1,2,1,6,2,0
0,1,0,1,1,1,0,0
0,0,0,1,1,2,0,0
0,3,0,1,1,0,0,0
0,2,0,0,1,0,0,0
0,6,0,0,0,0,0,0
0,25,0,0,5,0,0,0
0,9,0,0,6,0,0,0
0,2,0,0,1,0,0,0
0,2,0,0,5,0,0,0
0,4,0,0,1,0,0,0
1,1,0,1,1,0,0,0
0,0,0,5,4,0,0,0
4,2,1,5,1,1,0,0
0,2,1,3,2,2,0,5
0,3,2,0,4,1,0,3
0,2,0,1,1,2,0,7
1,5,1,0,10,2,0,10
19,19,15,7,12,16,5,27
60,61,71,30,20,58,22,79
40,52,92,29,16,51,40,50
32,12,33,8,6,37,27,40
27,17,40,8,5,24,25,30
21,20,45,19,4,32,36,35
34,24,46,14,3,43,37,35
48,9,44,21,4,35,42,45
76,13,61,46,4,60,67,4
56,12,39,15,7,62,65,1
66,10,62,22,10,82,50,0
120,17,85,47,16,163,78,0
115,9,78,52,2,125,66,0
44,17,37,18,9,67,70,0
34,12,47,10,7,59,25,0
25,7,36,11,9,36,18,0
19,12,29,9,7,72,23,0
15,11,36,6,3,57,8,0
17,18,33,7,12,18,8,0
18,10,15,7,7,17,4,0
14,13,9,3,2,7,3,0
12,4,5,4,3,5,3,0
7,4,10,5,2,7,1,0
11,12,7,3,6,2,2,0
10,7,5,3,7,1,2,0
13,8,6,3,3,0,1,0
3,9,4,4,3,1,2,0
9,8,7,6,3,1,0,0
13,8,2,2,4,0,0,0
6,4,9,2,2,0,1,0
25,17,4,10,7,0,0,0
36,26,6,18,10,8,1,0
9,19,3,18,20,2,0,0
15,14,2,7,4,1,1,0
19,15,4,5,6,1,2,0
27,19,4,9,12,2,1,0
17,4,3,5,9,1,0,0
9,3,4,1,8,1,0,0
1,11,0,2,3,1,0,0
1,9,0,0,11,0,0,0
2,10,0,0,2,0,0,0
0,3,0,0,0,0,0,0
0,0,0,0,0,0,0,0
0,0,0,0,0,0,0,0
0,0,0,0,0,0,0,0
0,0,0,0,0,0,0,0
0,0,0,0,0,0,0,0
0,0,0,0,0,0,0,0
0,0,0,0,0,0,0,0
0,0,0,0,0,0,0,0
0,0,0,0,0,0,0,0
0,0,0,24,0,0,0,0
0,0,0,21,0,0,0,0
0,0,0,21,0,0,0,0
0,0,0,13,0,0,0,0
0,0,0,7,0,0,0,0
0,0,0,6,0,0,0,0
0,0,0,3,0,0,0,0
0,0,0,0,0,0,0,0
0,0,0,0,0,0,0,0
0,0,0,0,0,0,0,0
0,0,0,0,0,0,0,0
0,0,0,0,0,0,0,0
0,0,0,0,0,0,0,0
0,0,0,0,0,0,0,0
0,0,0,0,0,0,0,0
0,0,0,0,0,0,0,0
0,0,0,0,0,0,0,0
0,0,0,0,0,0,0,0
0,0,0,0,0,0,0,0
0,0,0,0,0,0,0,0
0,0,0,0,0,0,0,0
0,0,0,0,0,0,0,0
0,0,0,0,0,0,0,0
0,0,0,0,0,0,0,0
0,0,0,0,0,0,0,0
0,0,0,0,0,0,0,0
0,0,0,0,0,0,0,0
0,0,0,0,0,0,0,0
0,0,0,0,0,0,0,0
0,0,0,0,0,0,0,0
0,0,0,0,0,0,0,0
0,0,0,0,0,0,0,0
0,0,0,0,0,0,0,0
0,0,0,0,0,0,0,0
0,1,1,0,0,0,0,0
3,0,5,0,0,0,0,0
9,1,7,3,0,0,0,0
15,0,25,0,1,0,0,0
18,2,37,2,0,0,0,0
51,2,82,4,1,0,0,0
182,46,147,44,3,0,0,0
408,125,256,169,6,0,1,0
320,104,139,102,8,0,0,0
279,52,32,72,6,0,0,0
56,7,33,17,0,0,0,0
23,11,29,2,0,0,0,0
19,2,21,2,1,0,0,0
20,6,9,1,0,0,0,0
33,4,18,3,2,0,1,5
40,0,15,9,0,0,1,7
20,2,9,11,1,0,2,4
15,2,11,12,1,0,0,1
25,6,19,12,1,0,0,1
51,37,32,18,4,0,0,11
83,62,12,29,4,0,0,14
53,16,6,20,10,8,4,14
14,1,3,6,6,4,3,8
4,6,4,1,2,0,4,5
7,5,0,4,1,3,0,3
5,3,1,0,2,0,1,1
10,4,9,5,0,4,1,6
8,1,4,8,0,6,3,6
12,0,16,5,0,13,7,22
26,1,24,12,1,13,23,12
54,1,17,24,2,51,37,27
94,3,47,39,9,82,37,45
293,3,130,132,13,236,111,96
299,28,366,189,14,383,244,152
91,29,241,47,8,204,224,72
68,29,128,28,7,109,88,62
29,21,56,12,5,57,53,47
36,16,29,10,2,54,25,22
15,12,28,11,2,19,27,11
12,5,12,8,1,12,15,9
5,3,7,2,8,17,2,2
1,4,3,0,1,4,1,0
1,1,0,0,0,4,0,0
1,3,0,0,1,5,0,0
3,1,1,0,0,1,0,0
2,4,0,0,1,2,0,0
3,3,2,1,0,1,0,0
2,25,0,3,7,0,0,0
6,5,0,1,4,0,0,0
4,2,0,2,1,0,0,0
0,1,0,0,3,1,0,0
0,1,0,0,0,0,1,0
0,0,0,0,2,0,0,0
0,5,0,0,1,0,0,0
0,2,0,2,1,1,0,0
1,3,0,0,1,1,0,1
1,3,0,0,1,0,0,0
1,4,0,1,2,2,0,0
2,2,0,3,1,2,0,4
10,8,8,3,6,16,2,19
72,61,70,34,23,79,28,39
47,38,68,23,6,27,68,28
26,12,37,9,5,21,23,12
20,12,30,5,5,26,18,9
29,5,26,8,3,21,34,16
29,6,27,22,6,42,18,14
33,11,33,22,3,37,33,17
47,18,55,21,7,52,41,2
60,11,64,29,3,76,58,0
68,15,39,26,7,73,62,0
150,29,72,78,13,175,59,0
66,20,80,33,12,142,87,0
23,10,35,11,14,69,46,0
23,9,38,13,7,59,35,0
23,14,35,11,5,62,22,0
13,9,31,4,3,28,13,0
16,6,39,9,1,39,14,0
18,14,31,9,11,17,8,0
22,6,19,6,5,20,10,0
13,7,11,9,3,7,1,0
21,4,5,5,4,5,5,0
14,4,5,5,0,9,3,0
15,3,8,3,3,5,1,0
8,8,6,3,1,1,0,0
17,7,1,3,1,2,1,0
9,7,2,3,1,0,0,0
7,5,2,2,2,0,1,0
2,4,1,2,1,0,0,0
4,6,7,2,1,1,0,0
34,20,1,17,8,2,0,0
53,28,8,17,13,3,0,0
18,6,7,8,3,0,0,0
18,18,6,12,5,2,0,0
28,18,2,16,1,2,1,0
18,31,3,19,11,1,0,0
12,13,0,13,2,1,0,0
8,7,0,15,6,0,0,0
3,4,0,4,4,0,0,0
2,6,0,4,2,0,0,0
0,5,0,5,3,0,0,0
0,1,0,0,1,0,0,0
0,0,0,0,0,0,0,0
0,0,0,0,0,0,0,0
0,0,0,0,0,0,0,0
0,0,1,0,0,0,0,0
0,0,0,0,0,0,0,0
361,0,0,0,0,0,0,0
0,0,0,0,0,0,0,0
0,0,0,0,0,0,0,0
0,0,0,0,0,2,0,0
0,0,0,0,0,0,0,0
0,0,0,0,0,0,0,0
0,0,0,0,0,1,0,0
0,0,0,0,0,1,0,0
0,0,0,0,0,0,0,0
0,0,0,0,0,0,0,0
0,0,0,0,0,0,0,0
0,0,0,0,0,0,0,0
0,0,0,0,0,0,0,0
0,0,0,0,0,0,0,0
0,0,0,0,0,0,0,0
0,0,0,0,0,0,0,0
0,0,0,0,0,0,0,0
0,0,0,0,0,0,0,0
0,0,0,0,0,0,0,0
0,0,0,0,0,0,0,0
0,0,0,0,0,0,0,0
0,0,0,0,0,0,0,0
0,0,0,0,0,0,0,0
0,0,0,0,0,0,0,0
0,0,0,0,0,0,0,0
0,0,0,0,0,0,0,0
0,0,0,0,0,0,0,0
0,0,0,0,0,0,0,0
0,0,0,0,0,0,0,0
0,0,0,0,0,0,0,0
0,0,0,0,0,0,0,0
0,0,0,0,0,0,0,0
0,0,0,0,0,0,0,0
0,0,0,0,0,0,0,0
0,0,0,0,0,0,0,0
0,0,0,0,0,0,0,0
0,0,0,0,0,0,0,0
0,0,0,0,0,0,0,0
1,3,0,0,0,0,0,0
2,0,4,0,0,0,0,0
6,1,16,0,0,0,0,0
11,1,9,3,0,0,0,0
25,0,35,6,1,0,0,0
40,3,71,12,0,0,1,0
150,27,216,36,2,0,4,0
307,111,275,94,4,0,4,0
277,125,152,110,1,0,4,0
240,54,30,108,4,0,0,0
65,6,29,19,0,0,1,0
40,13,19,15,1,0,0,0
31,7,20,7,2,0,2,0
42,3,16,6,0,0,0,1
27,3,12,6,2,0,0,3
33,8,9,10,2,0,0,8
28,2,6,8,1,0,0,3
23,3,12,4,0,0,0,2
18,7,23,7,1,0,1,8
84,20,46,33,1,0,3,13
114,51,23,34,4,0,0,19
54,21,10,36,10,3,0,26
6,2,9,6,0,0,8,5
12,4,4,4,1,1,1,0
5,4,12,2,4,1,0,8
4,1,1,1,0,6,0,0
6,4,6,0,3,1,2,3
7,1,8,0,2,10,1,4
20,1,14,5,1,28,13,23
29,1,20,8,1,28,14,22
43,2,26,16,0,41,24,20
88,5,41,41,4,69,42,32
169,12,151,79,11,240,107,66
320,20,356,163,16,376,233,91
109,19,252,75,10,206,229,105
69,26,91,41,10,118,123,47
48,26,63,17,7,57,43,33
22,12,28,9,6,23,33,19
25,8,16,13,8,19,27,7
23,6,6,4,4,15,7,5
4,4,3,0,3,7,1,0
1,4,1,0,5,6,0,0
0,1,0,1,2,2,0,0
0,2,0,1,0,2,0,0
0,3,0,0,0,0,0,0
0,1,0,0,0,0,0,0
0,0,0,0,0,0,0,0
0,12,0,0,7,0,0,0
0,12,0,0,2,0,0,0
0,4,0,0,5,0,0,0
0,2,0,0,1,0,0,0
0,1,0,0,1,0,0,0
1,3,0,0,3,0,1,0
5,3,1,2,1,3,1,0
11,2,0,4,3,1,1,0
2,1,1,0,6,0,0,2
1,2,1,0,2,0,1,1
2,7,2,1,4,0,0,3
2,5,1,2,10,0,0,9
10,18,11,7,8,13,5,4
63,29,69,18,20,72,31,41
38,39,91,22,4,28,58,19
15,17,34,8,8,24,19,12
30,10,39,9,3,16,20,14
30,7,31,10,1,31,27,8
33,7,55,17,3,29,27,12
63,15,38,17,5,85,45,22
72,3,35,17,5,51,60,6
44,10,46,20,2,47,43,0
65,8,32,24,6,82,32,0
56,11,37,13,10,71,32,0
53,14,58,15,9,45,56,0
67,7,44,25,1,51,40,0
27,6,32,8,7,44,27,0
18,3,36,10,6,34,28,0
23,13,20,9,5,51,19,0
25,10,34,10,6,51,11,0
27,21,29,14,3,24,9,0
19,9,25,7,7,14,6,0
14,9,10,3,4,11,4,0
13,8,14,2,2,5,1,0
9,6,9,1,5,6,3,0
15,7,9,2,2,9,0,0
7,3,4,1,3,3,0,0
11,7,2,5,3,2,0,0
16,4,6,3,3,0,0,0
10,2,4,4,3,0,1,0
6,4,2,3,2,2,1,0
5,3,1,4,3,0,0,0
28,22,1,14,9,0,0,0
58,28,12,17,28,3,0,0
24,21,2,13,12,3,1,0
19,11,3,10,11,1,0,0
34,41,8,16,9,1,1,0
34,22,4,22,8,4,0,0
12,7,2,5,5,0,0,0
7,4,0,3,5,0,0,0
1,6,0,3,2,1,0,0
5,7,0,1,2,0,0,0
0,5,0,1,3,0,0,0
1,1,0,1,0,0,0,0
0,0,0,0,0,0,0,0
0,0,0,0,0,0,0,0
0,0,0,0,0,0,0,0
0,0,0,0,0,0,0,0
0,0,0,0,0,0,0,0
0,0,0,0,0,0,0,0
0,0,0,0,0,0,0,0
0,0,0,0,0,0,0,0
0,0,0,0,0,0,0,0
0,0,0,0,0,0,0,0
0,0,0,0,0,0,0,0
0,0,0,0,0,0,0,0
0,0,0,0,0,0,0,0
0,0,0,0,0,0,0,0
0,0,0,0,0,0,0,0
0,0,0,0,0,0,0,0
0,0,0,0,0,0,0,0
0,0,0,0,0,0,0,0
0,0,0,0,0,0,0,0
0,0,0,0,0,0,0,0
0,0,0,0,0,0,0,0
0,0,0,0,0,0,0,0
0,0,0,0,0,0,0,0
0,0,0,0,0,0,0,0
0,0,0,0,0,0,0,0
0,0,0,0,0,0,0,0
0,0,0,0,0,0,0,0
0,0,0,0,0,0,0,0
0,0,0,0,0,0,0,0
0,0,0,0,0,0,0,0
0,0,0,0,0,0,0,0
0,0,0,0,0,0,0,0
0,0,0,0,0,0,0,0
0,0,0,0,0,0,0,0
0,0,0,0,0,0,0,0
0,0,0,0,0,0,0,0
0,0,0,0,0,0,0,0
0,0,0,0,0,0,0,0
0,0,0,0,0,0,0,0
0,0,0,0,0,0,0,0
0,0,0,0,0,0,0,0
0,0,0,0,0,0,0,0
0,0,0,0,0,0,0,0
0,0,0,0,0,0,0,0
7,0,2,0,0,0,0,0
7,4,10,2,0,0,0,0
16,2,13,3,0,0,0,0
19,1,37,5,1,0,0,0
47,9,70,13,0,0,1,0
157,60,139,56,0,0,4,0
289,101,257,145,2,0,5,0
299,105,175,100,2,0,4,0
226,34,38,87,5,0,1,0
76,2,33,17,4,0,1,0
59,12,23,19,1,0,1,0
37,4,22,7,0,0,1,1
26,1,17,11,3,0,0,2
23,7,12,11,1,0,0,4
41,4,16,7,1,0,1,5
24,3,7,11,2,0,1,2
21,3,9,2,1,0,1,3
18,8,20,4,3,0,0,6
57,32,40,10,3,0,5,10
89,61,20,24,5,0,0,20
83,43,12,39,10,4,0,20
13,16,9,7,7,10,3,12
4,1,2,5,1,4,3,3
2,2,5,1,3,4,2,3
2,2,5,2,3,4,2,6
11,1,1,2,2,5,5,1
12,5,10,3,4,6,13,4
19,1,24,7,0,17,17,6
27,4,30,9,2,23,24,17
24,2,32,6,3,49,34,23
118,5,55,34,5,98,68,38
156,7,82,61,13,170,79,35
273,41,297,142,13,370,200,85
76,23,208,27,16,189,164,31
58,26,144,31,9,111,89,49
50,19,65,17,17,76,48,25
35,15,30,10,6,38,46,16
16,6,20,12,7,28,33,12
11,12,20,10,5,25,12,6
3,11,10,0,2,13,5,1
0,7,5,1,4,12,5,0
1,8,2,0,1,3,1,0
2,0,1,0,0,0,2,0
0,8,1,0,2,3,0,0
3,11,0,0,3,2,0,0
0,3,0,0,6,1,0,0
2,5,1,1,5,0,0,0
2,3,0,1,6,1,0,0
0,3,1,1,3,1,0,0
1,3,0,0,2,0,0,0
0,4,0,0,1,1,1,0
0,3,0,0,1,1,0,0
1,6,1,0,1,0,0,0
0,7,0,0,0,0,2,0
0,4,0,1,5,0,0,2
2,10,1,0,4,0,0,1
1,23,0,1,6,4,1,2
9,24,4,1,9,3,3,7
7,10,12,3,6,14,0,3
13,11,13,4,11,3,10,5
12,9,17,8,11,14,8,9
9,13,14,9,4,15,18,4
20,18,14,5,2,8,14,8
36,9,29,8,6,42,26,8
18,8,48,21,7,40,36,14
36,10,41,20,3,46,40,15
52,10,63,25,8,46,49,3
51,4,57,18,14,57,63,0
93,14,62,17,7,71,54,0
60,11,44,23,6,58,54,0
66,6,46,27,16,65,64,0
57,6,39,12,7,67,62,0
41,7,29,23,8,74,42,0
28,10,49,4,3,67,44,0
21,14,54,15,10,38,28,0
15,10,39,13,6,62,19,0
30,20,24,6,4,44,19,0
26,13,21,10,5,28,10,0
17,9,19,2,4,11,6,0
16,8,10,0,1,8,3,0
16,5,9,5,6,5,1,0
9,3,8,2,3,4,2,0
11,2,6,10,0,1,1,0
16,7,5,7,4,5,0,0
9,9,4,5,8,2,0,0
11,7,3,3,3,1,0,0
20,8,5,11,4,2,0,0
11,13,5,10,6,3,0,0
27,22,7,17,6,0,0,0
25,35,9,14,9,1,1,0
13,4,8,14,1,0,0,0
17,12,4,18,6,2,0,0
12,39,9,7,6,1,0,0
22,24,8,20,10,2,0,0
8,8,7,11,4,1,0,0
4,4,0,1,6,2,0,0
1,7,0,5,3,1,0,0
0,2,0,3,2,0,0,0
0,4,0,3,3,0,0,0
0,1,0,3,1,0,0,0
0,0,0,0,0,0,0,0
0,0,0,1,0,0,0,0
0,0,0,0,0,0,0,0
0,0,0,0,0,0,0,0
0,0,0,0,0,0,0,0
428,0,0,0,0,0,0,0
0,0,0,0,0,0,0,0
0,0,0,0,0,0,0,0
0,0,1,0,0,0,0,0
0,0,0,0,0,0,0,0
0,0,0,0,0,0,0,0
0,0,0,0,0,0,0,0
0,0,0,0,0,0,0,0
0,0,0,0,0,0,0,0
0,0,0,0,0,0,0,0
0,0,0,0,0,0,0,0
0,0,0,0,0,0,0,0
0,0,0,0,0,0,0,0
0,0,0,0,0,0,0,0
0,0,0,0,0,0,0,0
0,0,0,0,0,0,0,0
0,0,0,0,0,0,0,0
0,0,0,0,0,0,0,0
0,0,0,0,0,0,0,0
0,0,0,0,0,0,0,0
0,0,0,0,0,0,0,0
0,0,0,0,0,0,0,0
0,0,0,0,0,0,0,0
0,0,0,0,0,0,0,0
0,0,0,0,0,0,0,0
0,0,0,0,0,0,0,0
0,0,0,0,0,0,0,0
0,0,0,0,0,0,0,0
0,0,0,0,0,0,0,0
0,0,0,0,0,0,0,0
0,0,0,0,0,0,0,0
0,0,0,0,0,0,0,0
0,0,0,0,0,0,0,0
0,0,0,0,0,0,0,0
0,0,0,0,0,0,0,0
0,0,0,0,0,0,0,0
0,0,0,0,0,0,0,0
0,0,0,0,0,0,0,0
1,0,0,0,0,0,0,0
3,0,3,0,0,0,0,0
8,2,5,3,0,0,0,0
10,0,16,2,0,0,0,0
29,1,32,12,0,0,0,0
47,3,73,11,0,0,0,0
116,10,157,22,0,0,0,0
264,82,254,113,1,0,0,0
261,131,140,92,6,0,1,0
207,48,36,67,1,0,0,0
58,7,49,19,0,0,0,0
58,17,36,9,0,0,0,0
53,7,21,13,0,0,0,0
30,4,12,10,2,0,0,2
37,3,9,9,2,0,0,1
38,6,9,9,2,0,0,2
34,2,11,13,0,0,1,1
26,8,17,2,3,0,0,3
26,16,17,3,3,0,3,3
66,29,22,15,3,0,5,7
89,62,13,17,3,0,2,9
39,33,9,13,5,6,2,8
7,7,10,4,1,6,3,5
9,1,5,2,2,1,2,6
3,2,8,2,5,3,0,10
2,5,5,1,2,5,3,6
12,5,18,0,5,5,11,7
9,5,12,0,0,12,23,11
6,2,11,3,0,21,15,7
32,3,15,7,2,20,23,12
62,3,16,19,8,56,41,19
75,5,54,20,2,119,38,34
121,5,113,44,7,135,95,33
241,27,264,103,12,329,182,79
113,16,171,47,7,142,157,59
78,28,77,18,7,105,75,47
47,26,48,10,5,62,48,28
28,10,28,12,4,44,32,13
24,6,16,5,5,23,22,9
8,9,12,1,6,16,4,7
5,5,2,1,3,6,4,0
3,5,3,2,3,4,0,0
1,3,0,0,5,14,1,0
0,5,0,1,2,5,0,0
0,2,0,0,2,0,0,0
0,3,0,0,3,0,0,0
0,3,0,0,4,0,0,0
0,12,0,0,6,0,0,0
0,6,0,0,2,0,0,0
0,3,0,0,2,0,0,0
0,5,0,0,3,0,0,0
0,1,0,0,2,0,0,0
5,0,0,1,0,1,1,0
5,6,0,0,5,0,0,0
11,1,1,6,6,1,0,2
9,6,3,6,5,1,0,2
3,4,3,1,1,0,0,2
2,1,1,3,7,2,0,1
8,6,1,2,6,1,0,2
9,12,5,4,10,3,1,16
42,41,24,8,24,26,7,26
29,15,20,7,11,9,20,14
8,14,14,2,4,7,11,7
15,7,12,7,4,14,9,21
17,6,17,4,4,14,8,3
22,11,8,3,3,25,10,8
37,6,17,5,2,24,19,7
45,8,21,6,4,26,26,2
30,9,22,5,8,33,26,0
29,4,27,7,6,59,34,0
55,19,28,14,3,52,47,0
47,7,35,11,2,45,29,0
31,12,17,6,6,41,24,0
30,12,19,3,4,40,26,0
32,8,18,4,3,43,13,0
21,10,18,5,6,34,16,0
15,5,20,5,7,43,15,0
13,5,26,0,11,38,7,0
22,10,20,0,5,16,7,0
17,6,10,0,3,10,3,0
12,3,10,3,8,9,2,0
12,4,7,2,2,4,2,0
16,1,8,2,2,10,0,0
15,6,6,0,1,3,0,0
8,2,2,0,3,3,0,0
7,4,3,1,1,2,0,0
11,4,6,1,10,0,0,0
11,6,1,0,4,0,0,0
8,7,4,0,1,1,1,0
5,3,2,1,2,0,0,0
10,7,4,0,4,1,0,0
6,11,5,0,3,2,1,0
12,3,4,0,4,0,1,0
9,5,5,0,5,0,0,0
24,7,2,0,9,0,0,0
36,13,7,0,11,0,0,0
24,10,4,0,10,0,0,0
5,5,3,0,6,0,0,0
3,1,0,0,2,0,0,0
0,1,1,0,0,0,0,0
0,0,1,0,0,0,0,0
0,0,0,0,0,0,0,0
0,0,0,0,0,0,0,0
0,0,0,0,0,0,0,0
0,0,0,0,0,0,0,0
0,0,0,0,0,0,0,0
0,0,0,0,0,0,0,0
0,0,0,0,0,0,0,0
0,0,0,0,0,0,0,0
0,0,0,0,0,0,0,0
0,0,0,0,0,0,0,0
0,0,0,0,0,0,0,0
0,0,0,0,0,0,0,0
0,0,0,0,0,0,0,0
0,0,0,0,0,0,0,0
0,0,0,0,0,0,0,0
0,0,0,0,0,0,0,0
0,0,0,0,0,0,0,0
0,0,0,0,0,0,0,0
0,0,0,0,0,0,0,0
0,0,0,0,0,0,0,0
0,0,0,0,0,0,0,0
0,0,0,0,0,0,0,0
0,0,0,0,0,0,0,0
0,0,0,0,0,0,0,0
0,0,0,0,0,0,0,0
0,0,0,0,0,0,0,0
0,0,0,0,0,0,0,0
0,0,0,0,0,0,0,0
0,0,0,0,0,0,0,0
0,0,0,0,0,0,0,0
0,0,0,0,0,0,0,0
0,0,0,0,0,0,0,0
0,0,0,0,0,0,0,0
0,0,0,0,0,0,0,0
0,0,0,0,0,0,0,0
0,0,0,0,0,0,0,0
0,0,0,0,0,0,0,0
0,0,0,0,0,0,0,0
0,0,0,0,0,0,0,0
0,0,0,0,0,0,0,0
0,0,0,0,0,0,0,0
0,0,0,0,0,0,0,0
0,0,0,0,0,0,0,0
0,0,0,0,0,0,0,0
1,0,0,0,0,0,0,0
9,0,10,0,0,0,0,0
17,0,15,0,0,0,0,0
35,0,13,0,4,0,0,0
20,0,24,0,0,0,0,0
24,3,8,0,0,0,0,0
18,4,18,0,1,0,0,0
28,5,22,0,1,0,0,0
31,4,18,0,0,0,0,0
33,5,24,0,0,0,0,0
23,2,18,0,1,0,0,0
38,2,30,0,0,0,0,0
25,3,32,0,1,0,0,0
44,8,24,0,0,0,0,0
50,5,19,0,0,0,0,0
30,0,16,0,5,0,0,0
25,7,13,0,1,0,0,0
21,2,15,0,2,0,0,0
32,1,8,0,3,0,0,3
17,4,1,0,1,0,0,1
12,6,0,0,0,0,0,0
9,7,13,0,0,0,0,0
9,10,5,0,1,0,0,2
12,8,5,0,3,0,0,3
10,6,13,0,1,0,0,1
12,0,9,0,2,0,0,0
11,5,19,0,1,0,0,2
26,2,24,0,1,0,0,2
47,10,40,0,2,0,0,0
63,12,45,0,2,0,0,0
90,12,79,0,4,0,0,0
112,16,66,0,4,0,0,0
126,18,53,0,12,0,0,10
97,12,22,0,6,0,0,17
78,26,25,0,15,0,0,3
65,15,10,0,8,0,0,2
57,21,13,0,8,0,0,1
46,21,5,0,6,0,0,3
22,15,0,0,2,0,0,1
8,11,0,0,0,0,0,0
2,9,1,0,5,0,0,0
4,4,1,0,3,0,0,0
6,4,0,0,3,0,0,0
5,1,1,0,1,0,0,0
0,0,0,0,0,0,0,0
2,1,0,0,1,0,0,0
1,2,1,0,3,0,0,0
0,1,0,0,0,0,0,0
0,0,0,0,0,0,0,0
0,3,0,0,3,0,0,0
0,3,0,0,0,0,0,0
1,3,0,0,1,0,0,0
0,2,0,0,1,0,0,0
0,0,0,0,1,0,0,0
0,1,0,0,1,0,0,0
2,2,0,0,1,0,0,0
2,2,0,0,2,0,0,0
1,2,0,0,0,0,0,0
0,5,2,0,2,0,0,0
2,2,5,0,2,0,0,0
2,1,3,0,1,0,0,2
7,4,5,0,2,0,0,1
8,1,14,0,4,0,0,2
11,2,19,0,5,0,0,0
19,5,27,0,1,0,0,0
38,7,24,0,2,0,0,0
55,6,40,0,2,0,0,0
70,8,32,0,5,0,0,0
60,6,34,0,4,0,0,0
62,6,26,0,7,0,0,0
72,9,16,0,6,0,0,0
50,9,14,0,5,0,0,0
51,6,7,0,7,0,0,0
42,12,3,0,5,0,0,0
22,7,2,0,7,0,0,0
18,11,5,0,9,0,0,0
26,5,5,0,4,0,0,0
25,6,0,0,5,0,0,0
26,10,0,0,8,0,0,0
20,6,0,0,7,0,0,0
16,3,0,0,4,0,0,0
13,4,0,0,4,0,0,0
7,3,0,0,3,0,0,0
10,7,0,0,1,0,0,0
6,8,0,0,0,0,0,0
1,7,0,0,1,0,0,0
12,2,0,0,4,0,0,0
10,3,0,0,3,0,0,0
7,8,0,0,1,0,0,0
3,6,0,0,3,0,0,0
5,2,0,0,1,0,0,0
4,5,0,0,1,0,0,0
4,5,0,0,5,0,0,0
5,7,1,0,6,0,0,0
6,7,1,0,3,0,0,0
1,4,0,0,2,0,0,0
3,2,0,0,7,0,0,0
2,3,0,0,3,0,0,0
0,1,0,0,4,0,0,0
0,0,0,0,1,0,0,0
0,0,0,0,0,0,0,0
0,0,0,0,0,0,0,0
0,0,0,0,0,0,0,0
0,0,0,0,0,0,0,0
0,0,0,0,0,0,0,0
